#time   totalV   totalAV   Vchange   AVchange   Tchange   ATchange
0    1e+11    1e+11    0    0    0    0    
1    1e+11    1e+11    2.14035e-12    2.14035e-12    7.67095e-16    7.67095e-16    
2    9.99999e+10    9.99999e+10    -5.7694e-07    -5.7694e-07    6.39246e-16    6.39246e-16    
3    9.99999e+10    9.99999e+10    -7.00845e-07    -7.00845e-07    -5.11397e-16    -5.11397e-16    
4    9.99999e+10    9.99999e+10    -1.11582e-06    -1.11582e-06    0    0    
5    9.99999e+10    9.99999e+10    -1.28459e-06    -1.28459e-06    -6.39246e-16    -6.39246e-16    
6    9.99999e+10    9.99999e+10    -1.4739e-06    -1.4739e-06    6.39246e-16    6.39246e-16    
7    9.99999e+10    9.99999e+10    -1.44561e-06    -1.44561e-06    1.02279e-15    1.02279e-15    
8    9.99999e+10    9.99999e+10    -1.46967e-06    -1.46967e-06    1.27849e-16    1.27849e-16    
9    9.99999e+10    9.99999e+10    -1.44985e-06    -1.44985e-06    -2.17344e-15    -2.17344e-15    
10    9.99999e+10    9.99999e+10    -1.42513e-06    -1.42513e-06    7.67095e-16    7.67095e-16    
11    9.99999e+10    9.99999e+10    -1.33913e-06    -1.33913e-06    -6.39246e-16    -6.39246e-16    
12    9.99999e+10    9.99999e+10    -1.26025e-06    -1.26025e-06    1.15064e-15    1.15064e-15    
13    9.99999e+10    9.99999e+10    -1.12188e-06    -1.12188e-06    6.39246e-16    6.39246e-16    
14    9.99999e+10    9.99999e+10    -8.98861e-07    -8.98861e-07    -1.27849e-16    -1.27849e-16    
15    9.99999e+10    9.99999e+10    -6.86835e-07    -6.86835e-07    1.53419e-15    1.53419e-15    
16    1e+11    1e+11    -4.59313e-07    -4.59313e-07    1.27849e-16    1.27849e-16    
17    1e+11    1e+11    -2.48653e-07    -2.48653e-07    -1.02279e-15    -1.02279e-15    
18    1e+11    1e+11    -9.24968e-08    -9.24968e-08    -1.27849e-16    -1.27849e-16    
19    1e+11    1e+11    4.45607e-08    4.45607e-08    -2.55698e-16    -2.55698e-16    
20    1e+11    1e+11    1.74599e-07    1.74599e-07    -1.02279e-15    -1.02279e-15    
21    1e+11    1e+11    2.98729e-07    2.98729e-07    6.39246e-16    6.39246e-16    
22    1e+11    1e+11    4.56836e-07    4.56836e-07    1.15064e-15    1.15064e-15    
23    1e+11    1e+11    6.98218e-07    6.98218e-07    1.40634e-15    1.40634e-15    
24    1e+11    1e+11    9.67786e-07    9.67786e-07    1.53419e-15    1.53419e-15    
25    1e+11    1e+11    1.23263e-06    1.23263e-06    -1.27849e-16    -1.27849e-16    
26    1e+11    1e+11    1.53052e-06    1.53052e-06    -1.27849e-16    -1.27849e-16    
27    1e+11    1e+11    1.87982e-06    1.87982e-06    1.78989e-15    1.78989e-15    
28    1e+11    1e+11    2.25848e-06    2.25848e-06    -1.27849e-16    -1.27849e-16    
29    1e+11    1e+11    2.6581e-06    2.6581e-06    -3.83548e-16    -3.83548e-16    
30    1e+11    1e+11    3.10806e-06    3.10806e-06    -2.55698e-16    -2.55698e-16    
31    1e+11    1e+11    3.57839e-06    3.57839e-06    0    0    
32    1e+11    1e+11    3.98614e-06    3.98614e-06    3.83548e-16    3.83548e-16    
33    1e+11    1e+11    4.35557e-06    4.35557e-06    6.39246e-16    6.39246e-16    
34    1e+11    1e+11    4.68411e-06    4.68411e-06    1.27849e-15    1.27849e-15    
35    1.00001e+11    1.00001e+11    5.04667e-06    5.04667e-06    -2.55698e-16    -2.55698e-16    
36    1.00001e+11    1.00001e+11    5.40089e-06    5.40089e-06    2.55698e-16    2.55698e-16    
37    1.00001e+11    1.00001e+11    5.73795e-06    5.73795e-06    1.66204e-15    1.66204e-15    
38    1.00001e+11    1.00001e+11    5.98109e-06    5.98109e-06    6.39246e-16    6.39246e-16    
39    1.00001e+11    1.00001e+11    6.16541e-06    6.16541e-06    -1.91774e-15    -1.91774e-15    
40    1.00001e+11    1.00001e+11    6.37965e-06    6.37965e-06    1.15064e-15    1.15064e-15    
41    1.00001e+11    1.00001e+11    6.60316e-06    6.60316e-06    -2.55698e-16    -2.55698e-16    
42    1.00001e+11    1.00001e+11    6.78446e-06    6.78446e-06    -2.55698e-16    -2.55698e-16    
43    1.00001e+11    1.00001e+11    6.99219e-06    6.99219e-06    2.55698e-16    2.55698e-16    
44    1.00001e+11    1.00001e+11    7.13675e-06    7.13675e-06    -5.11397e-16    -5.11397e-16    
45    1.00001e+11    1.00001e+11    7.28134e-06    7.28134e-06    3.83548e-16    3.83548e-16    
46    1.00001e+11    1.00001e+11    7.50121e-06    7.50121e-06    0    0    
47    1.00001e+11    1.00001e+11    7.7375e-06    7.7375e-06    -1.15064e-15    -1.15064e-15    
48    1.00001e+11    1.00001e+11    8.04169e-06    8.04169e-06    2.55698e-16    2.55698e-16    
49    1.00001e+11    1.00001e+11    8.40138e-06    8.40138e-06    2.81268e-15    2.81268e-15    
50    1.00001e+11    1.00001e+11    8.87076e-06    8.87076e-06    8.94944e-16    8.94944e-16    
51    1.00001e+11    1.00001e+11    9.28575e-06    9.28575e-06    6.39246e-16    6.39246e-16    
52    1.00001e+11    1.00001e+11    9.62098e-06    9.62098e-06    -1.27849e-16    -1.27849e-16    
53    1.00001e+11    1.00001e+11    1.00095e-05    1.00095e-05    -6.39246e-16    -6.39246e-16    
54    1.00001e+11    1.00001e+11    1.04595e-05    1.04595e-05    -1.15064e-15    -1.15064e-15    
55    1.00001e+11    1.00001e+11    1.0947e-05    1.0947e-05    0    0    
56    1.00001e+11    1.00001e+11    1.13384e-05    1.13384e-05    -3.83548e-16    -3.83548e-16    
57    1.00001e+11    1.00001e+11    1.15955e-05    1.15955e-05    1.40634e-15    1.40634e-15    
58    1.00001e+11    1.00001e+11    1.18394e-05    1.18394e-05    1.78989e-15    1.78989e-15    
59    1.00001e+11    1.00001e+11    1.20299e-05    1.20299e-05    1.02279e-15    1.02279e-15    
60    1.00001e+11    1.00001e+11    1.21104e-05    1.21104e-05    8.94944e-16    8.94944e-16    
61    1.00001e+11    1.00001e+11    1.21369e-05    1.21369e-05    7.67095e-16    7.67095e-16    
62    1.00001e+11    1.00001e+11    1.21326e-05    1.21326e-05    1.27849e-16    1.27849e-16    
63    1.00001e+11    1.00001e+11    1.21536e-05    1.21536e-05    2.55698e-16    2.55698e-16    
64    1.00001e+11    1.00001e+11    1.21382e-05    1.21382e-05    -1.02279e-15    -1.02279e-15    
65    1.00001e+11    1.00001e+11    1.21442e-05    1.21442e-05    7.67095e-16    7.67095e-16    
66    1.00001e+11    1.00001e+11    1.21337e-05    1.21337e-05    -7.67095e-16    -7.67095e-16    
67    1.00001e+11    1.00001e+11    1.21064e-05    1.21064e-05    -5.11397e-16    -5.11397e-16    
68    1.00001e+11    1.00001e+11    1.21488e-05    1.21488e-05    1.40634e-15    1.40634e-15    
69    1.00001e+11    1.00001e+11    1.22265e-05    1.22265e-05    6.39246e-16    6.39246e-16    
70    1.00001e+11    1.00001e+11    1.22015e-05    1.22015e-05    1.40634e-15    1.40634e-15    
71    1.00001e+11    1.00001e+11    1.21615e-05    1.21615e-05    -1.27849e-16    -1.27849e-16    
72    1.00001e+11    1.00001e+11    1.21804e-05    1.21804e-05    -1.02279e-15    -1.02279e-15    
73    1.00001e+11    1.00001e+11    1.21872e-05    1.21872e-05    -5.11397e-16    -5.11397e-16    
74    1.00001e+11    1.00001e+11    1.2104e-05    1.2104e-05    -1.02279e-15    -1.02279e-15    
75    1.00001e+11    1.00001e+11    1.17663e-05    1.17663e-05    -2.94053e-15    -2.94053e-15    
76    1.00001e+11    1.00001e+11    1.13058e-05    1.13058e-05    3.45193e-15    3.45193e-15    
77    1.00001e+11    1.00001e+11    1.0889e-05    1.0889e-05    2.81268e-15    2.81268e-15    
78    1.00001e+11    1.00001e+11    1.03982e-05    1.03982e-05    -1.27849e-15    -1.27849e-15    
79    1.00001e+11    1.00001e+11    9.79199e-06    9.79199e-06    3.06838e-15    3.06838e-15    
80    1.00001e+11    1.00001e+11    9.0477e-06    9.0477e-06    0    0    
81    1.00001e+11    1.00001e+11    8.10548e-06    8.10548e-06    -1.27849e-16    -1.27849e-16    
82    1.00001e+11    1.00001e+11    6.945e-06    6.945e-06    -5.11397e-16    -5.11397e-16    
83    1.00001e+11    1.00001e+11    5.59547e-06    5.59547e-06    1.02279e-15    1.02279e-15    
84    1e+11    1e+11    4.32798e-06    4.32798e-06    7.67095e-16    7.67095e-16    
85    1e+11    1e+11    3.09031e-06    3.09031e-06    -7.67095e-16    -7.67095e-16    
86    1e+11    1e+11    1.78843e-06    1.78843e-06    1.27849e-16    1.27849e-16    
87    1e+11    1e+11    4.44226e-07    4.44226e-07    -1.27849e-15    -1.27849e-15    
88    9.99999e+10    9.99999e+10    -1.2611e-06    -1.2611e-06    -2.55698e-16    -2.55698e-16    
89    9.99997e+10    9.99997e+10    -2.7777e-06    -2.7777e-06    0    0    
90    9.99995e+10    9.99995e+10    -4.7891e-06    -4.7891e-06    2.04559e-15    2.04559e-15    
91    9.99993e+10    9.99993e+10    -6.94171e-06    -6.94171e-06    1.15064e-15    1.15064e-15    
92    9.99991e+10    9.99991e+10    -8.88698e-06    -8.88698e-06    -1.40634e-15    -1.40634e-15    
93    9.99989e+10    9.99989e+10    -1.11145e-05    -1.11145e-05    5.11397e-16    5.11397e-16    
94    9.99987e+10    9.99987e+10    -1.33938e-05    -1.33938e-05    1.40634e-15    1.40634e-15    
95    9.99984e+10    9.99984e+10    -1.58488e-05    -1.58488e-05    -5.11397e-16    -5.11397e-16    
96    9.99982e+10    9.99982e+10    -1.81316e-05    -1.81316e-05    1.15064e-15    1.15064e-15    
97    9.9998e+10    9.9998e+10    -2.04511e-05    -2.04511e-05    3.83548e-16    3.83548e-16    
98    9.99977e+10    9.99977e+10    -2.29646e-05    -2.29646e-05    1.91774e-15    1.91774e-15    
99    9.99975e+10    9.99975e+10    -2.54994e-05    -2.54994e-05    -2.55698e-16    -2.55698e-16    
100    9.99972e+10    9.99972e+10    -2.81006e-05    -2.81006e-05    1.27849e-16    1.27849e-16    
101    9.99969e+10    9.99969e+10    -3.09704e-05    -3.09704e-05    -1.15064e-15    -1.15064e-15    
102    9.99966e+10    9.99966e+10    -3.39559e-05    -3.39559e-05    1.15064e-15    1.15064e-15    
103    9.99963e+10    9.99963e+10    -3.69046e-05    -3.69046e-05    1.27849e-16    1.27849e-16    
104    9.99961e+10    9.99961e+10    -3.94197e-05    -3.94197e-05    -8.94944e-16    -8.94944e-16    
105    9.99958e+10    9.99958e+10    -4.20049e-05    -4.20049e-05    8.94944e-16    8.94944e-16    
106    9.99956e+10    9.99956e+10    -4.44508e-05    -4.44508e-05    3.83548e-16    3.83548e-16    
107    9.99953e+10    9.99953e+10    -4.65731e-05    -4.65731e-05    1.15064e-15    1.15064e-15    
108    9.99952e+10    9.99952e+10    -4.79553e-05    -4.79553e-05    1.27849e-16    1.27849e-16    
109    9.99952e+10    9.99952e+10    -4.83418e-05    -4.83418e-05    -2.55698e-16    -2.55698e-16    
110    9.99952e+10    9.99952e+10    -4.823e-05    -4.823e-05    -1.66204e-15    -1.66204e-15    
111    9.99952e+10    9.99952e+10    -4.80432e-05    -4.80432e-05    1.15064e-15    1.15064e-15    
112    9.99953e+10    9.99953e+10    -4.74195e-05    -4.74195e-05    1.53419e-15    1.53419e-15    
113    9.99954e+10    9.99954e+10    -4.63546e-05    -4.63546e-05    -8.94944e-16    -8.94944e-16    
114    9.99955e+10    9.99955e+10    -4.49427e-05    -4.49427e-05    1.15064e-15    1.15064e-15    
115    9.99957e+10    9.99957e+10    -4.33614e-05    -4.33614e-05    7.67095e-16    7.67095e-16    
116    9.99958e+10    9.99958e+10    -4.15434e-05    -4.15434e-05    -7.67095e-16    -7.67095e-16    
117    9.9996e+10    9.9996e+10    -3.95585e-05    -3.95585e-05    1.27849e-15    1.27849e-15    
118    9.99962e+10    9.99962e+10    -3.75506e-05    -3.75506e-05    -2.30129e-15    -2.30129e-15    
119    9.99964e+10    9.99964e+10    -3.55929e-05    -3.55929e-05    1.27849e-16    1.27849e-16    
120    9.99966e+10    9.99966e+10    -3.3583e-05    -3.3583e-05    0    0    
121    9.99969e+10    9.99969e+10    -3.14043e-05    -3.14043e-05    1.91774e-15    1.91774e-15    
122    9.99971e+10    9.99971e+10    -2.93286e-05    -2.93286e-05    -1.15064e-15    -1.15064e-15    
123    9.99973e+10    9.99973e+10    -2.72454e-05    -2.72454e-05    5.11397e-16    5.11397e-16    
124    9.99974e+10    9.99974e+10    -2.56e-05    -2.56e-05    8.94944e-16    8.94944e-16    
125    9.99976e+10    9.99976e+10    -2.39482e-05    -2.39482e-05    2.55698e-16    2.55698e-16    
126    9.99978e+10    9.99978e+10    -2.24445e-05    -2.24445e-05    6.39246e-16    6.39246e-16    
127    9.99979e+10    9.99979e+10    -2.11168e-05    -2.11168e-05    -2.55698e-16    -2.55698e-16    
128    9.9998e+10    9.9998e+10    -1.97351e-05    -1.97351e-05    5.11397e-16    5.11397e-16    
129    9.99982e+10    9.99982e+10    -1.84459e-05    -1.84459e-05    2.55698e-16    2.55698e-16    
130    9.99983e+10    9.99983e+10    -1.72598e-05    -1.72598e-05    -1.27849e-15    -1.27849e-15    
131    9.99984e+10    9.99984e+10    -1.63756e-05    -1.63756e-05    -1.15064e-15    -1.15064e-15    
132    9.99984e+10    9.99984e+10    -1.5723e-05    -1.5723e-05    1.02279e-15    1.02279e-15    
133    9.99985e+10    9.99985e+10    -1.524e-05    -1.524e-05    -2.94053e-15    -2.94053e-15    
134    9.99985e+10    9.99985e+10    -1.48839e-05    -1.48839e-05    1.91774e-15    1.91774e-15    
135    9.99985e+10    9.99985e+10    -1.46146e-05    -1.46146e-05    2.55698e-16    2.55698e-16    
136    9.99986e+10    9.99986e+10    -1.42869e-05    -1.42869e-05    -1.02279e-15    -1.02279e-15    
137    9.99986e+10    9.99986e+10    -1.3863e-05    -1.3863e-05    1.02279e-15    1.02279e-15    
138    9.99987e+10    9.99987e+10    -1.34738e-05    -1.34738e-05    3.83548e-16    3.83548e-16    
139    9.99987e+10    9.99987e+10    -1.31622e-05    -1.31622e-05    -7.67095e-16    -7.67095e-16    
140    9.99987e+10    9.99987e+10    -1.29348e-05    -1.29348e-05    1.15064e-15    1.15064e-15    
141    9.99987e+10    9.99987e+10    -1.27633e-05    -1.27633e-05    1.27849e-15    1.27849e-15    
142    9.99987e+10    9.99987e+10    -1.26313e-05    -1.26313e-05    1.15064e-15    1.15064e-15    
143    9.99987e+10    9.99987e+10    -1.25407e-05    -1.25407e-05    -8.94944e-16    -8.94944e-16    
144    9.99988e+10    9.99988e+10    -1.24725e-05    -1.24725e-05    1.15064e-15    1.15064e-15    
145    9.99988e+10    9.99988e+10    -1.24368e-05    -1.24368e-05    3.96333e-15    3.96333e-15    
146    9.99988e+10    9.99988e+10    -1.23975e-05    -1.23975e-05    3.19623e-15    3.19623e-15    
147    9.99988e+10    9.99988e+10    -1.23568e-05    -1.23568e-05    8.94944e-16    8.94944e-16    
148    9.99988e+10    9.99988e+10    -1.2428e-05    -1.2428e-05    1.27849e-15    1.27849e-15    
149    9.99987e+10    9.99987e+10    -1.26691e-05    -1.26691e-05    -1.27849e-16    -1.27849e-16    
150    9.99987e+10    9.99987e+10    -1.29426e-05    -1.29426e-05    -8.94944e-16    -8.94944e-16    
151    9.99987e+10    9.99987e+10    -1.32825e-05    -1.32825e-05    1.02279e-15    1.02279e-15    
152    9.99986e+10    9.99986e+10    -1.37505e-05    -1.37505e-05    -1.40634e-15    -1.40634e-15    
153    9.99986e+10    9.99986e+10    -1.43053e-05    -1.43053e-05    3.83548e-16    3.83548e-16    
154    9.99985e+10    9.99985e+10    -1.50057e-05    -1.50057e-05    2.81268e-15    2.81268e-15    
155    9.99984e+10    9.99984e+10    -1.59268e-05    -1.59268e-05    2.42914e-15    2.42914e-15    
156    9.99983e+10    9.99983e+10    -1.69662e-05    -1.69662e-05    -2.55698e-15    -2.55698e-15    
157    9.99982e+10    9.99982e+10    -1.83512e-05    -1.83512e-05    1.53419e-15    1.53419e-15    
158    9.9998e+10    9.9998e+10    -2.00381e-05    -2.00381e-05    0    0    
159    9.99979e+10    9.99979e+10    -2.14214e-05    -2.14214e-05    -6.39246e-16    -6.39246e-16    
160    9.99978e+10    9.99978e+10    -2.19338e-05    -2.19338e-05    1.53419e-15    1.53419e-15    
161    9.99978e+10    9.99978e+10    -2.23279e-05    -2.23279e-05    -1.27849e-16    -1.27849e-16    
162    9.99977e+10    9.99977e+10    -2.29775e-05    -2.29775e-05    1.40634e-15    1.40634e-15    
163    9.99976e+10    9.99976e+10    -2.37032e-05    -2.37032e-05    -1.66204e-15    -1.66204e-15    
164    9.99975e+10    9.99975e+10    -2.483e-05    -2.483e-05    -6.39246e-16    -6.39246e-16    
165    9.99974e+10    9.99974e+10    -2.60177e-05    -2.60177e-05    3.19623e-15    3.19623e-15    
166    9.99973e+10    9.99973e+10    -2.74398e-05    -2.74398e-05    1.15064e-15    1.15064e-15    
167    9.99971e+10    9.99971e+10    -2.87008e-05    -2.87008e-05    1.02279e-15    1.02279e-15    
168    9.9997e+10    9.9997e+10    -2.97352e-05    -2.97352e-05    1.53419e-15    1.53419e-15    
169    9.99969e+10    9.99969e+10    -3.05914e-05    -3.05914e-05    1.53419e-15    1.53419e-15    
170    9.99969e+10    9.99969e+10    -3.12048e-05    -3.12048e-05    5.11397e-16    5.11397e-16    
171    9.99968e+10    9.99968e+10    -3.15338e-05    -3.15338e-05    2.81268e-15    2.81268e-15    
172    9.99969e+10    9.99969e+10    -3.14756e-05    -3.14756e-05    1.27849e-16    1.27849e-16    
173    9.99969e+10    9.99969e+10    -3.10311e-05    -3.10311e-05    0    0    
174    9.9997e+10    9.9997e+10    -3.02708e-05    -3.02708e-05    7.67095e-16    7.67095e-16    
175    9.99971e+10    9.99971e+10    -2.93527e-05    -2.93527e-05    1.02279e-15    1.02279e-15    
176    9.99972e+10    9.99972e+10    -2.82954e-05    -2.82954e-05    -1.66204e-15    -1.66204e-15    
177    9.99973e+10    9.99973e+10    -2.70258e-05    -2.70258e-05    5.11397e-16    5.11397e-16    
178    9.99974e+10    9.99974e+10    -2.5645e-05    -2.5645e-05    4.09117e-15    4.09117e-15    
179    9.99976e+10    9.99976e+10    -2.40983e-05    -2.40983e-05    -2.55698e-16    -2.55698e-16    
180    9.99978e+10    9.99978e+10    -2.24128e-05    -2.24128e-05    -1.27849e-15    -1.27849e-15    
181    9.99979e+10    9.99979e+10    -2.06192e-05    -2.06192e-05    -1.15064e-15    -1.15064e-15    
182    9.99981e+10    9.99981e+10    -1.87415e-05    -1.87415e-05    -8.94944e-16    -8.94944e-16    
183    9.99983e+10    9.99983e+10    -1.70379e-05    -1.70379e-05    -2.55698e-16    -2.55698e-16    
184    9.99985e+10    9.99985e+10    -1.52572e-05    -1.52572e-05    6.39246e-16    6.39246e-16    
185    9.99987e+10    9.99987e+10    -1.35161e-05    -1.35161e-05    8.94944e-16    8.94944e-16    
186    9.99988e+10    9.99988e+10    -1.18211e-05    -1.18211e-05    1.27849e-15    1.27849e-15    
187    9.9999e+10    9.9999e+10    -1.01612e-05    -1.01612e-05    2.17344e-15    2.17344e-15    
188    9.99992e+10    9.99992e+10    -8.28983e-06    -8.28983e-06    -1.91774e-15    -1.91774e-15    
189    9.99993e+10    9.99993e+10    -6.52912e-06    -6.52912e-06    -2.55698e-16    -2.55698e-16    
190    9.99995e+10    9.99995e+10    -4.85935e-06    -4.85935e-06    1.91774e-15    1.91774e-15    
191    9.99997e+10    9.99997e+10    -3.19052e-06    -3.19052e-06    2.55698e-16    2.55698e-16    
192    9.99998e+10    9.99998e+10    -1.65298e-06    -1.65298e-06    8.94944e-16    8.94944e-16    
193    1e+11    1e+11    -2.34849e-07    -2.34849e-07    -7.67095e-16    -7.67095e-16    
194    1e+11    1e+11    1.22719e-06    1.22719e-06    -8.94944e-16    -8.94944e-16    
195    1e+11    1e+11    2.57496e-06    2.57496e-06    2.30129e-15    2.30129e-15    
196    1e+11    1e+11    3.87328e-06    3.87328e-06    1.02279e-15    1.02279e-15    
197    1.00001e+11    1.00001e+11    5.11416e-06    5.11416e-06    2.55698e-15    2.55698e-15    
198    1.00001e+11    1.00001e+11    6.30891e-06    6.30891e-06    2.04559e-15    2.04559e-15    
199    1.00001e+11    1.00001e+11    7.29789e-06    7.29789e-06    1.02279e-15    1.02279e-15    
200    1.00001e+11    1.00001e+11    8.15978e-06    8.15978e-06    -1.27849e-16    -1.27849e-16    
201    1.00001e+11    1.00001e+11    8.97099e-06    8.97099e-06    -3.83548e-16    -3.83548e-16    
202    1.00001e+11    1.00001e+11    9.73727e-06    9.73727e-06    1.91774e-15    1.91774e-15    
203    1.00001e+11    1.00001e+11    1.04263e-05    1.04263e-05    6.39246e-16    6.39246e-16    
204    1.00001e+11    1.00001e+11    1.10464e-05    1.10464e-05    -2.55698e-16    -2.55698e-16    
205    1.00001e+11    1.00001e+11    1.16305e-05    1.16305e-05    2.42914e-15    2.42914e-15    
206    1.00001e+11    1.00001e+11    1.20509e-05    1.20509e-05    -1.40634e-15    -1.40634e-15    
207    1.00001e+11    1.00001e+11    1.23576e-05    1.23576e-05    -8.94944e-16    -8.94944e-16    
208    1.00001e+11    1.00001e+11    1.26565e-05    1.26565e-05    -3.83548e-16    -3.83548e-16    
209    1.00001e+11    1.00001e+11    1.29151e-05    1.29151e-05    1.66204e-15    1.66204e-15    
210    1.00001e+11    1.00001e+11    1.30683e-05    1.30683e-05    7.67095e-16    7.67095e-16    
211    1.00001e+11    1.00001e+11    1.31392e-05    1.31392e-05    6.39246e-16    6.39246e-16    
212    1.00001e+11    1.00001e+11    1.31386e-05    1.31386e-05    -1.27849e-16    -1.27849e-16    
213    1.00001e+11    1.00001e+11    1.31168e-05    1.31168e-05    1.27849e-16    1.27849e-16    
214    1.00001e+11    1.00001e+11    1.30237e-05    1.30237e-05    3.57978e-15    3.57978e-15    
215    1.00001e+11    1.00001e+11    1.29145e-05    1.29145e-05    3.45193e-15    3.45193e-15    
216    1.00001e+11    1.00001e+11    1.28016e-05    1.28016e-05    -7.67095e-16    -7.67095e-16    
217    1.00001e+11    1.00001e+11    1.27615e-05    1.27615e-05    6.39246e-16    6.39246e-16    
218    1.00001e+11    1.00001e+11    1.27812e-05    1.27812e-05    2.30129e-15    2.30129e-15    
219    1.00001e+11    1.00001e+11    1.28213e-05    1.28213e-05    1.91774e-15    1.91774e-15    
220    1.00001e+11    1.00001e+11    1.28482e-05    1.28482e-05    -1.27849e-16    -1.27849e-16    
221    1.00001e+11    1.00001e+11    1.2868e-05    1.2868e-05    1.27849e-16    1.27849e-16    
222    1.00001e+11    1.00001e+11    1.28901e-05    1.28901e-05    1.27849e-16    1.27849e-16    
223    1.00001e+11    1.00001e+11    1.2917e-05    1.2917e-05    1.40634e-15    1.40634e-15    
224    1.00001e+11    1.00001e+11    1.28728e-05    1.28728e-05    2.04559e-15    2.04559e-15    
225    1.00001e+11    1.00001e+11    1.27343e-05    1.27343e-05    -7.67095e-16    -7.67095e-16    
226    1.00001e+11    1.00001e+11    1.25109e-05    1.25109e-05    1.15064e-15    1.15064e-15    
227    1.00001e+11    1.00001e+11    1.22331e-05    1.22331e-05    1.02279e-15    1.02279e-15    
228    1.00001e+11    1.00001e+11    1.18838e-05    1.18838e-05    7.67095e-16    7.67095e-16    
229    1.00001e+11    1.00001e+11    1.15473e-05    1.15473e-05    7.67095e-16    7.67095e-16    
230    1.00001e+11    1.00001e+11    1.11825e-05    1.11825e-05    -5.11397e-16    -5.11397e-16    
231    1.00001e+11    1.00001e+11    1.08139e-05    1.08139e-05    3.83548e-16    3.83548e-16    
232    1.00001e+11    1.00001e+11    1.03824e-05    1.03824e-05    1.15064e-15    1.15064e-15    
233    1.00001e+11    1.00001e+11    9.96236e-06    9.96236e-06    2.17344e-15    2.17344e-15    
234    1.00001e+11    1.00001e+11    9.61814e-06    9.61814e-06    1.91774e-15    1.91774e-15    
235    1.00001e+11    1.00001e+11    9.31316e-06    9.31316e-06    -1.78989e-15    -1.78989e-15    
236    1.00001e+11    1.00001e+11    9.06663e-06    9.06663e-06    -1.27849e-15    -1.27849e-15    
237    1.00001e+11    1.00001e+11    8.87425e-06    8.87425e-06    0    0    
238    1.00001e+11    1.00001e+11    8.73263e-06    8.73263e-06    8.94944e-16    8.94944e-16    
239    1.00001e+11    1.00001e+11    8.60697e-06    8.60697e-06    -1.02279e-15    -1.02279e-15    
240    1.00001e+11    1.00001e+11    8.45985e-06    8.45985e-06    -7.67095e-16    -7.67095e-16    
241    1.00001e+11    1.00001e+11    8.29815e-06    8.29815e-06    6.39246e-16    6.39246e-16    
242    1.00001e+11    1.00001e+11    8.12927e-06    8.12927e-06    6.39246e-16    6.39246e-16    
243    1.00001e+11    1.00001e+11    7.98731e-06    7.98731e-06    2.42914e-15    2.42914e-15    
244    1.00001e+11    1.00001e+11    7.87712e-06    7.87712e-06    -7.67095e-16    -7.67095e-16    
245    1.00001e+11    1.00001e+11    7.76711e-06    7.76711e-06    0    0    
246    1.00001e+11    1.00001e+11    7.63515e-06    7.63515e-06    2.30129e-15    2.30129e-15    
247    1.00001e+11    1.00001e+11    7.4827e-06    7.4827e-06    -1.66204e-15    -1.66204e-15    
248    1.00001e+11    1.00001e+11    7.31601e-06    7.31601e-06    -3.83548e-16    -3.83548e-16    
249    1.00001e+11    1.00001e+11    7.11494e-06    7.11494e-06    2.17344e-15    2.17344e-15    
250    1.00001e+11    1.00001e+11    6.86095e-06    6.86095e-06    1.66204e-15    1.66204e-15    
251    1.00001e+11    1.00001e+11    6.56213e-06    6.56213e-06    2.94053e-15    2.94053e-15    
252    1.00001e+11    1.00001e+11    6.24934e-06    6.24934e-06    -2.55698e-16    -2.55698e-16    
253    1.00001e+11    1.00001e+11    5.99512e-06    5.99512e-06    -5.11397e-16    -5.11397e-16    
254    1.00001e+11    1.00001e+11    5.76643e-06    5.76643e-06    1.40634e-15    1.40634e-15    
255    1.00001e+11    1.00001e+11    5.56141e-06    5.56141e-06    1.40634e-15    1.40634e-15    
256    1.00001e+11    1.00001e+11    5.25099e-06    5.25099e-06    1.53419e-15    1.53419e-15    
257    1e+11    1e+11    4.87493e-06    4.87493e-06    8.94944e-16    8.94944e-16    
258    1e+11    1e+11    4.45577e-06    4.45577e-06    8.94944e-16    8.94944e-16    
259    1e+11    1e+11    4.11038e-06    4.11038e-06    1.78989e-15    1.78989e-15    
260    1e+11    1e+11    3.81635e-06    3.81635e-06    0    0    
261    1e+11    1e+11    3.57869e-06    3.57869e-06    -8.94944e-16    -8.94944e-16    
262    1e+11    1e+11    3.34774e-06    3.34774e-06    7.67095e-16    7.67095e-16    
263    1e+11    1e+11    3.09478e-06    3.09478e-06    -4.09117e-15    -4.09117e-15    
264    1e+11    1e+11    2.80635e-06    2.80635e-06    2.55698e-16    2.55698e-16    
265    1e+11    1e+11    2.51938e-06    2.51938e-06    7.67095e-16    7.67095e-16    
266    1e+11    1e+11    2.23542e-06    2.23542e-06    -1.15064e-15    -1.15064e-15    
267    1e+11    1e+11    1.94795e-06    1.94795e-06    1.40634e-15    1.40634e-15    
268    1e+11    1e+11    1.68655e-06    1.68655e-06    2.81268e-15    2.81268e-15    
269    1e+11    1e+11    1.45613e-06    1.45613e-06    8.94944e-16    8.94944e-16    
270    1e+11    1e+11    1.25754e-06    1.25754e-06    3.32408e-15    3.32408e-15    
271    1e+11    1e+11    1.11331e-06    1.11331e-06    -6.39246e-16    -6.39246e-16    
272    1e+11    1e+11    9.85678e-07    9.85678e-07    1.15064e-15    1.15064e-15    
273    1e+11    1e+11    8.54979e-07    8.54979e-07    -3.83548e-16    -3.83548e-16    
274    1e+11    1e+11    7.45672e-07    7.45672e-07    -2.55698e-16    -2.55698e-16    
275    1e+11    1e+11    6.46851e-07    6.46851e-07    -1.78989e-15    -1.78989e-15    
276    1e+11    1e+11    5.48913e-07    5.48913e-07    0    0    
277    1e+11    1e+11    4.47614e-07    4.47614e-07    -8.94944e-16    -8.94944e-16    
278    1e+11    1e+11    3.36445e-07    3.36445e-07    -2.17344e-15    -2.17344e-15    
279    1e+11    1e+11    2.51912e-07    2.51912e-07    3.83548e-16    3.83548e-16    
280    1e+11    1e+11    1.89107e-07    1.89107e-07    -2.17344e-15    -2.17344e-15    
281    1e+11    1e+11    1.40107e-07    1.40107e-07    2.55698e-15    2.55698e-15    
282    1e+11    1e+11    1.1809e-07    1.1809e-07    1.91774e-15    1.91774e-15    
283    1e+11    1e+11    1.02882e-07    1.02882e-07    1.66204e-15    1.66204e-15    
284    1e+11    1e+11    1.07882e-07    1.07882e-07    2.04559e-15    2.04559e-15    
285    1e+11    1e+11    1.28736e-07    1.28736e-07    2.17344e-15    2.17344e-15    
286    1e+11    1e+11    1.3578e-07    1.3578e-07    -2.55698e-16    -2.55698e-16    
287    1e+11    1e+11    1.35699e-07    1.35699e-07    2.17344e-15    2.17344e-15    
288    1e+11    1e+11    1.02393e-07    1.02393e-07    2.94053e-15    2.94053e-15    
289    1e+11    1e+11    3.61407e-08    3.61407e-08    -1.91774e-15    -1.91774e-15    
290    1e+11    1e+11    -3.91987e-08    -3.91987e-08    3.70763e-15    3.70763e-15    
291    1e+11    1e+11    -1.75036e-07    -1.75036e-07    -7.67095e-16    -7.67095e-16    
292    1e+11    1e+11    -3.51199e-07    -3.51199e-07    1.91774e-15    1.91774e-15    
293    9.99999e+10    9.99999e+10    -5.38286e-07    -5.38286e-07    -1.40634e-15    -1.40634e-15    
294    9.99999e+10    9.99999e+10    -7.0534e-07    -7.0534e-07    7.67095e-16    7.67095e-16    
295    9.99999e+10    9.99999e+10    -8.43652e-07    -8.43652e-07    -2.55698e-16    -2.55698e-16    
296    9.99999e+10    9.99999e+10    -9.51985e-07    -9.51985e-07    -2.55698e-16    -2.55698e-16    
297    9.99999e+10    9.99999e+10    -1.05758e-06    -1.05758e-06    7.67095e-16    7.67095e-16    
298    9.99999e+10    9.99999e+10    -1.18046e-06    -1.18046e-06    5.11397e-16    5.11397e-16    
299    9.99999e+10    9.99999e+10    -1.3291e-06    -1.3291e-06    -2.55698e-16    -2.55698e-16    
300    9.99998e+10    9.99998e+10    -1.52634e-06    -1.52634e-06    5.24182e-15    5.24182e-15    
301    9.99998e+10    9.99998e+10    -1.75535e-06    -1.75535e-06    -6.39246e-16    -6.39246e-16    
302    9.99998e+10    9.99998e+10    -1.97681e-06    -1.97681e-06    3.83548e-16    3.83548e-16    
303    9.99998e+10    9.99998e+10    -2.20743e-06    -2.20743e-06    -2.42914e-15    -2.42914e-15    
304    9.99998e+10    9.99998e+10    -2.49504e-06    -2.49504e-06    -3.83548e-16    -3.83548e-16    
305    9.99997e+10    9.99997e+10    -2.79746e-06    -2.79746e-06    0    0    
306    9.99997e+10    9.99997e+10    -3.10597e-06    -3.10597e-06    2.04559e-15    2.04559e-15    
307    9.99997e+10    9.99997e+10    -3.46027e-06    -3.46027e-06    3.83548e-16    3.83548e-16    
308    9.99996e+10    9.99996e+10    -3.82526e-06    -3.82526e-06    -7.67095e-16    -7.67095e-16    
309    9.99996e+10    9.99996e+10    -4.22604e-06    -4.22604e-06    2.55698e-16    2.55698e-16    
310    9.99995e+10    9.99995e+10    -4.61484e-06    -4.61484e-06    7.67095e-16    7.67095e-16    
311    9.99995e+10    9.99995e+10    -5.02515e-06    -5.02515e-06    1.15064e-15    1.15064e-15    
312    9.99995e+10    9.99995e+10    -5.44047e-06    -5.44047e-06    5.11397e-16    5.11397e-16    
313    9.99994e+10    9.99994e+10    -5.81215e-06    -5.81215e-06    3.96333e-15    3.96333e-15    
314    9.99994e+10    9.99994e+10    -6.13092e-06    -6.13092e-06    3.83548e-16    3.83548e-16    
315    9.99994e+10    9.99994e+10    -6.40828e-06    -6.40828e-06    5.11397e-16    5.11397e-16    
316    9.99993e+10    9.99993e+10    -6.62029e-06    -6.62029e-06    2.94053e-15    2.94053e-15    
317    9.99993e+10    9.99993e+10    -6.85393e-06    -6.85393e-06    2.42914e-15    2.42914e-15    
318    9.99993e+10    9.99993e+10    -7.07497e-06    -7.07497e-06    -8.94944e-16    -8.94944e-16    
319    9.99993e+10    9.99993e+10    -7.26293e-06    -7.26293e-06    -6.39246e-16    -6.39246e-16    
320    9.99993e+10    9.99993e+10    -7.40456e-06    -7.40456e-06    1.66204e-15    1.66204e-15    
321    9.99993e+10    9.99993e+10    -7.50185e-06    -7.50185e-06    7.67095e-16    7.67095e-16    
322    9.99992e+10    9.99992e+10    -7.59086e-06    -7.59086e-06    -1.40634e-15    -1.40634e-15    
323    9.99992e+10    9.99992e+10    -7.7027e-06    -7.7027e-06    3.57978e-15    3.57978e-15    
324    9.99992e+10    9.99992e+10    -7.84091e-06    -7.84091e-06    -1.53419e-15    -1.53419e-15    
325    9.99992e+10    9.99992e+10    -7.97314e-06    -7.97314e-06    7.67095e-16    7.67095e-16    
326    9.99992e+10    9.99992e+10    -8.08015e-06    -8.08015e-06    0    0    
327    9.99992e+10    9.99992e+10    -8.16792e-06    -8.16792e-06    2.55698e-15    2.55698e-15    
328    9.99992e+10    9.99992e+10    -8.29138e-06    -8.29138e-06    -5.11397e-16    -5.11397e-16    
329    9.99992e+10    9.99992e+10    -8.44369e-06    -8.44369e-06    2.42914e-15    2.42914e-15    
330    9.99991e+10    9.99991e+10    -8.60728e-06    -8.60728e-06    -1.53419e-15    -1.53419e-15    
331    9.99991e+10    9.99991e+10    -8.82707e-06    -8.82707e-06    1.15064e-15    1.15064e-15    
332    9.99991e+10    9.99991e+10    -9.0867e-06    -9.0867e-06    -1.40634e-15    -1.40634e-15    
333    9.99991e+10    9.99991e+10    -9.33099e-06    -9.33099e-06    1.78989e-15    1.78989e-15    
334    9.9999e+10    9.9999e+10    -9.63398e-06    -9.63398e-06    7.67095e-16    7.67095e-16    
335    9.9999e+10    9.9999e+10    -9.97329e-06    -9.97329e-06    1.53419e-15    1.53419e-15    
336    9.9999e+10    9.9999e+10    -1.0342e-05    -1.0342e-05    -1.40634e-15    -1.40634e-15    
337    9.99989e+10    9.99989e+10    -1.07391e-05    -1.07391e-05    6.39246e-16    6.39246e-16    
338    9.99989e+10    9.99989e+10    -1.1172e-05    -1.1172e-05    -7.67095e-16    -7.67095e-16    
339    9.99988e+10    9.99988e+10    -1.15481e-05    -1.15481e-05    7.67095e-16    7.67095e-16    
340    9.99988e+10    9.99988e+10    -1.18874e-05    -1.18874e-05    6.39246e-16    6.39246e-16    
341    9.99988e+10    9.99988e+10    -1.2089e-05    -1.2089e-05    -1.53419e-15    -1.53419e-15    
342    9.99988e+10    9.99988e+10    -1.22304e-05    -1.22304e-05    1.53419e-15    1.53419e-15    
343    9.99988e+10    9.99988e+10    -1.22992e-05    -1.22992e-05    2.81268e-15    2.81268e-15    
344    9.99988e+10    9.99988e+10    -1.22714e-05    -1.22714e-05    -1.91774e-15    -1.91774e-15    
345    9.99988e+10    9.99988e+10    -1.22308e-05    -1.22308e-05    -3.32408e-15    -3.32408e-15    
346    9.99988e+10    9.99988e+10    -1.21673e-05    -1.21673e-05    -1.02279e-15    -1.02279e-15    
347    9.99988e+10    9.99988e+10    -1.20528e-05    -1.20528e-05    1.27849e-16    1.27849e-16    
348    9.99988e+10    9.99988e+10    -1.19289e-05    -1.19289e-05    2.17344e-15    2.17344e-15    
349    9.99988e+10    9.99988e+10    -1.18905e-05    -1.18905e-05    -6.39246e-16    -6.39246e-16    
350    9.99988e+10    9.99988e+10    -1.18694e-05    -1.18694e-05    3.06838e-15    3.06838e-15    
351    9.99988e+10    9.99988e+10    -1.18462e-05    -1.18462e-05    1.27849e-15    1.27849e-15    
352    9.99988e+10    9.99988e+10    -1.173e-05    -1.173e-05    2.30129e-15    2.30129e-15    
353    9.99988e+10    9.99988e+10    -1.15463e-05    -1.15463e-05    -1.53419e-15    -1.53419e-15    
354    9.99989e+10    9.99989e+10    -1.12339e-05    -1.12339e-05    8.94944e-16    8.94944e-16    
355    9.99989e+10    9.99989e+10    -1.08786e-05    -1.08786e-05    1.78989e-15    1.78989e-15    
356    9.9999e+10    9.9999e+10    -1.04017e-05    -1.04017e-05    7.67095e-16    7.67095e-16    
357    9.9999e+10    9.9999e+10    -9.77778e-06    -9.77778e-06    -1.15064e-15    -1.15064e-15    
358    9.99991e+10    9.99991e+10    -8.92127e-06    -8.92127e-06    -1.02279e-15    -1.02279e-15    
359    9.99992e+10    9.99992e+10    -7.8313e-06    -7.8313e-06    0    0    
360    9.99993e+10    9.99993e+10    -6.72714e-06    -6.72714e-06    2.30129e-15    2.30129e-15    
361    9.99994e+10    9.99994e+10    -5.64945e-06    -5.64945e-06    -1.27849e-16    -1.27849e-16    
362    9.99995e+10    9.99995e+10    -4.5315e-06    -4.5315e-06    3.19623e-15    3.19623e-15    
363    9.99997e+10    9.99997e+10    -3.27644e-06    -3.27644e-06    1.53419e-15    1.53419e-15    
364    9.99998e+10    9.99998e+10    -1.98378e-06    -1.98378e-06    1.15064e-15    1.15064e-15    
365    9.99999e+10    9.99999e+10    -7.39199e-07    -7.39199e-07    -2.17344e-15    -2.17344e-15    
366    1e+11    1e+11    7.08129e-07    7.08129e-07    1.53419e-15    1.53419e-15    
367    1e+11    1e+11    2.19008e-06    2.19008e-06    -8.94944e-16    -8.94944e-16    
368    1e+11    1e+11    3.60907e-06    3.60907e-06    2.55698e-16    2.55698e-16    
369    1.00001e+11    1.00001e+11    5.25218e-06    5.25218e-06    6.39246e-16    6.39246e-16    
370    1.00001e+11    1.00001e+11    7.20156e-06    7.20156e-06    2.30129e-15    2.30129e-15    
371    1.00001e+11    1.00001e+11    8.92245e-06    8.92245e-06    -1.27849e-15    -1.27849e-15    
372    1.00001e+11    1.00001e+11    1.06272e-05    1.06272e-05    -1.15064e-15    -1.15064e-15    
373    1.00001e+11    1.00001e+11    1.2103e-05    1.2103e-05    1.15064e-15    1.15064e-15    
374    1.00001e+11    1.00001e+11    1.3639e-05    1.3639e-05    1.53419e-15    1.53419e-15    
375    1.00002e+11    1.00002e+11    1.53305e-05    1.53305e-05    -3.83548e-16    -3.83548e-16    
376    1.00002e+11    1.00002e+11    1.70168e-05    1.70168e-05    2.55698e-16    2.55698e-16    
377    1.00002e+11    1.00002e+11    1.88377e-05    1.88377e-05    6.39246e-16    6.39246e-16    
378    1.00002e+11    1.00002e+11    2.07612e-05    2.07612e-05    6.39246e-16    6.39246e-16    
379    1.00002e+11    1.00002e+11    2.27422e-05    2.27422e-05    -6.39246e-16    -6.39246e-16    
380    1.00002e+11    1.00002e+11    2.48759e-05    2.48759e-05    1.02279e-15    1.02279e-15    
381    1.00003e+11    1.00003e+11    2.68986e-05    2.68986e-05    2.04559e-15    2.04559e-15    
382    1.00003e+11    1.00003e+11    2.83961e-05    2.83961e-05    0    0    
383    1.00003e+11    1.00003e+11    2.99163e-05    2.99163e-05    7.67095e-16    7.67095e-16    
384    1.00003e+11    1.00003e+11    3.11581e-05    3.11581e-05    -3.83548e-16    -3.83548e-16    
385    1.00003e+11    1.00003e+11    3.25585e-05    3.25585e-05    1.53419e-15    1.53419e-15    
386    1.00003e+11    1.00003e+11    3.3955e-05    3.3955e-05    -1.40634e-15    -1.40634e-15    
387    1.00004e+11    1.00004e+11    3.50462e-05    3.50462e-05    -2.30129e-15    -2.30129e-15    
388    1.00004e+11    1.00004e+11    3.58958e-05    3.58958e-05    -1.66204e-15    -1.66204e-15    
389    1.00004e+11    1.00004e+11    3.68628e-05    3.68628e-05    1.02279e-15    1.02279e-15    
390    1.00004e+11    1.00004e+11    3.79557e-05    3.79557e-05    2.55698e-16    2.55698e-16    
391    1.00004e+11    1.00004e+11    3.92029e-05    3.92029e-05    -2.04559e-15    -2.04559e-15    
392    1.00004e+11    1.00004e+11    4.05023e-05    4.05023e-05    0    0    
393    1.00004e+11    1.00004e+11    4.16258e-05    4.16258e-05    1.91774e-15    1.91774e-15    
394    1.00004e+11    1.00004e+11    4.28068e-05    4.28068e-05    8.94944e-16    8.94944e-16    
395    1.00004e+11    1.00004e+11    4.38652e-05    4.38652e-05    1.27849e-16    1.27849e-16    
396    1.00004e+11    1.00004e+11    4.45031e-05    4.45031e-05    -1.02279e-15    -1.02279e-15    
397    1.00004e+11    1.00004e+11    4.48635e-05    4.48635e-05    0    0    
398    1.00005e+11    1.00005e+11    4.50878e-05    4.50878e-05    3.83548e-16    3.83548e-16    
399    1.00005e+11    1.00005e+11    4.52583e-05    4.52583e-05    -7.67095e-16    -7.67095e-16    
400    1.00005e+11    1.00005e+11    4.52979e-05    4.52979e-05    1.27849e-15    1.27849e-15    
401    1.00005e+11    1.00005e+11    4.51441e-05    4.51441e-05    2.55698e-16    2.55698e-16    
402    1.00004e+11    1.00004e+11    4.49823e-05    4.49823e-05    1.27849e-16    1.27849e-16    
403    1.00004e+11    1.00004e+11    4.47995e-05    4.47995e-05    -1.78989e-15    -1.78989e-15    
404    1.00004e+11    1.00004e+11    4.45411e-05    4.45411e-05    1.91774e-15    1.91774e-15    
405    1.00004e+11    1.00004e+11    4.41153e-05    4.41153e-05    -1.02279e-15    -1.02279e-15    
406    1.00004e+11    1.00004e+11    4.35406e-05    4.35406e-05    1.78989e-15    1.78989e-15    
407    1.00004e+11    1.00004e+11    4.30093e-05    4.30093e-05    2.55698e-16    2.55698e-16    
408    1.00004e+11    1.00004e+11    4.24566e-05    4.24566e-05    0    0    
409    1.00004e+11    1.00004e+11    4.18371e-05    4.18371e-05    5.11397e-16    5.11397e-16    
410    1.00004e+11    1.00004e+11    4.12238e-05    4.12238e-05    2.55698e-16    2.55698e-16    
411    1.00004e+11    1.00004e+11    4.05221e-05    4.05221e-05    -8.94944e-16    -8.94944e-16    
412    1.00004e+11    1.00004e+11    3.97682e-05    3.97682e-05    -7.67095e-16    -7.67095e-16    
413    1.00004e+11    1.00004e+11    3.8797e-05    3.8797e-05    1.40634e-15    1.40634e-15    
414    1.00004e+11    1.00004e+11    3.77674e-05    3.77674e-05    -5.11397e-16    -5.11397e-16    
415    1.00004e+11    1.00004e+11    3.67409e-05    3.67409e-05    -8.94944e-16    -8.94944e-16    
416    1.00004e+11    1.00004e+11    3.56964e-05    3.56964e-05    -7.67095e-16    -7.67095e-16    
417    1.00003e+11    1.00003e+11    3.46874e-05    3.46874e-05    1.15064e-15    1.15064e-15    
418    1.00003e+11    1.00003e+11    3.37141e-05    3.37141e-05    -1.53419e-15    -1.53419e-15    
419    1.00003e+11    1.00003e+11    3.27541e-05    3.27541e-05    -1.02279e-15    -1.02279e-15    
420    1.00003e+11    1.00003e+11    3.17883e-05    3.17883e-05    -5.11397e-16    -5.11397e-16    
421    1.00003e+11    1.00003e+11    3.06901e-05    3.06901e-05    2.55698e-16    2.55698e-16    
422    1.00003e+11    1.00003e+11    2.9564e-05    2.9564e-05    -1.02279e-15    -1.02279e-15    
423    1.00003e+11    1.00003e+11    2.84529e-05    2.84529e-05    2.55698e-16    2.55698e-16    
424    1.00003e+11    1.00003e+11    2.731e-05    2.731e-05    0    0    
425    1.00003e+11    1.00003e+11    2.61902e-05    2.61902e-05    1.27849e-16    1.27849e-16    
426    1.00003e+11    1.00003e+11    2.51662e-05    2.51662e-05    -6.39246e-16    -6.39246e-16    
427    1.00002e+11    1.00002e+11    2.42365e-05    2.42365e-05    1.27849e-16    1.27849e-16    
428    1.00002e+11    1.00002e+11    2.32576e-05    2.32576e-05    5.11397e-16    5.11397e-16    
429    1.00002e+11    1.00002e+11    2.23356e-05    2.23356e-05    1.27849e-15    1.27849e-15    
430    1.00002e+11    1.00002e+11    2.143e-05    2.143e-05    0    0    
431    1.00002e+11    1.00002e+11    2.05535e-05    2.05535e-05    -3.06838e-15    -3.06838e-15    
432    1.00002e+11    1.00002e+11    1.98569e-05    1.98569e-05    -2.94053e-15    -2.94053e-15    
433    1.00002e+11    1.00002e+11    1.91668e-05    1.91668e-05    -1.40634e-15    -1.40634e-15    
434    1.00002e+11    1.00002e+11    1.85527e-05    1.85527e-05    2.55698e-15    2.55698e-15    
435    1.00002e+11    1.00002e+11    1.8117e-05    1.8117e-05    -2.55698e-16    -2.55698e-16    
436    1.00002e+11    1.00002e+11    1.78299e-05    1.78299e-05    1.53419e-15    1.53419e-15    
437    1.00002e+11    1.00002e+11    1.7685e-05    1.7685e-05    1.02279e-15    1.02279e-15    
438    1.00002e+11    1.00002e+11    1.76336e-05    1.76336e-05    -1.15064e-15    -1.15064e-15    
439    1.00002e+11    1.00002e+11    1.76512e-05    1.76512e-05    -8.94944e-16    -8.94944e-16    
440    1.00002e+11    1.00002e+11    1.76646e-05    1.76646e-05    -7.67095e-16    -7.67095e-16    
441    1.00002e+11    1.00002e+11    1.76529e-05    1.76529e-05    2.68483e-15    2.68483e-15    
442    1.00002e+11    1.00002e+11    1.76006e-05    1.76006e-05    6.39246e-16    6.39246e-16    
443    1.00002e+11    1.00002e+11    1.76117e-05    1.76117e-05    -1.27849e-16    -1.27849e-16    
444    1.00002e+11    1.00002e+11    1.77689e-05    1.77689e-05    0    0    
445    1.00002e+11    1.00002e+11    1.80496e-05    1.80496e-05    1.15064e-15    1.15064e-15    
446    1.00002e+11    1.00002e+11    1.84357e-05    1.84357e-05    3.83548e-16    3.83548e-16    
447    1.00002e+11    1.00002e+11    1.89304e-05    1.89304e-05    2.04559e-15    2.04559e-15    
448    1.00002e+11    1.00002e+11    1.9528e-05    1.9528e-05    3.83548e-16    3.83548e-16    
449    1.00002e+11    1.00002e+11    2.02539e-05    2.02539e-05    1.66204e-15    1.66204e-15    
450    1.00002e+11    1.00002e+11    2.11156e-05    2.11156e-05    1.53419e-15    1.53419e-15    
451    1.00002e+11    1.00002e+11    2.20327e-05    2.20327e-05    -1.02279e-15    -1.02279e-15    
452    1.00002e+11    1.00002e+11    2.29282e-05    2.29282e-05    -2.55698e-16    -2.55698e-16    
453    1.00002e+11    1.00002e+11    2.37359e-05    2.37359e-05    1.78989e-15    1.78989e-15    
454    1.00002e+11    1.00002e+11    2.46127e-05    2.46127e-05    2.55698e-15    2.55698e-15    
455    1.00003e+11    1.00003e+11    2.54867e-05    2.54867e-05    -7.67095e-16    -7.67095e-16    
456    1.00003e+11    1.00003e+11    2.64468e-05    2.64468e-05    -3.83548e-16    -3.83548e-16    
457    1.00003e+11    1.00003e+11    2.74962e-05    2.74962e-05    -1.53419e-15    -1.53419e-15    
458    1.00003e+11    1.00003e+11    2.86128e-05    2.86128e-05    1.40634e-15    1.40634e-15    
459    1.00003e+11    1.00003e+11    2.97129e-05    2.97129e-05    4.09117e-15    4.09117e-15    
460    1.00003e+11    1.00003e+11    3.07815e-05    3.07815e-05    2.30129e-15    2.30129e-15    
461    1.00003e+11    1.00003e+11    3.17336e-05    3.17336e-05    -1.15064e-15    -1.15064e-15    
462    1.00003e+11    1.00003e+11    3.26377e-05    3.26377e-05    3.70763e-15    3.70763e-15    
463    1.00003e+11    1.00003e+11    3.35084e-05    3.35084e-05    0    0    
464    1.00003e+11    1.00003e+11    3.44266e-05    3.44266e-05    -1.27849e-16    -1.27849e-16    
465    1.00004e+11    1.00004e+11    3.53846e-05    3.53846e-05    -5.11397e-15    -5.11397e-15    
466    1.00004e+11    1.00004e+11    3.63382e-05    3.63382e-05    1.40634e-15    1.40634e-15    
467    1.00004e+11    1.00004e+11    3.72919e-05    3.72919e-05    -1.40634e-15    -1.40634e-15    
468    1.00004e+11    1.00004e+11    3.8105e-05    3.8105e-05    1.27849e-15    1.27849e-15    
469    1.00004e+11    1.00004e+11    3.88665e-05    3.88665e-05    1.27849e-15    1.27849e-15    
470    1.00004e+11    1.00004e+11    3.95485e-05    3.95485e-05    -2.04559e-15    -2.04559e-15    
471    1.00004e+11    1.00004e+11    4.0187e-05    4.0187e-05    2.17344e-15    2.17344e-15    
472    1.00004e+11    1.00004e+11    4.08335e-05    4.08335e-05    2.30129e-15    2.30129e-15    
473    1.00004e+11    1.00004e+11    4.14096e-05    4.14096e-05    -1.78989e-15    -1.78989e-15    
474    1.00004e+11    1.00004e+11    4.20169e-05    4.20169e-05    1.53419e-15    1.53419e-15    
475    1.00004e+11    1.00004e+11    4.26214e-05    4.26214e-05    1.66204e-15    1.66204e-15    
476    1.00004e+11    1.00004e+11    4.31705e-05    4.31705e-05    0    0    
477    1.00004e+11    1.00004e+11    4.3632e-05    4.3632e-05    -2.55698e-15    -2.55698e-15    
478    1.00004e+11    1.00004e+11    4.39195e-05    4.39195e-05    -2.55698e-16    -2.55698e-16    
479    1.00004e+11    1.00004e+11    4.41419e-05    4.41419e-05    -3.83548e-16    -3.83548e-16    
480    1.00004e+11    1.00004e+11    4.43089e-05    4.43089e-05    1.91774e-15    1.91774e-15    
481    1.00004e+11    1.00004e+11    4.43503e-05    4.43503e-05    2.55698e-15    2.55698e-15    
482    1.00004e+11    1.00004e+11    4.43525e-05    4.43525e-05    1.53419e-15    1.53419e-15    
483    1.00004e+11    1.00004e+11    4.42188e-05    4.42188e-05    -1.91774e-15    -1.91774e-15    
484    1.00004e+11    1.00004e+11    4.40983e-05    4.40983e-05    1.78989e-15    1.78989e-15    
485    1.00004e+11    1.00004e+11    4.37513e-05    4.37513e-05    1.27849e-16    1.27849e-16    
486    1.00004e+11    1.00004e+11    4.31281e-05    4.31281e-05    6.39246e-16    6.39246e-16    
487    1.00004e+11    1.00004e+11    4.22538e-05    4.22538e-05    1.15064e-15    1.15064e-15    
488    1.00004e+11    1.00004e+11    4.10614e-05    4.10614e-05    2.04559e-15    2.04559e-15    
489    1.00004e+11    1.00004e+11    3.99812e-05    3.99812e-05    1.53419e-15    1.53419e-15    
490    1.00004e+11    1.00004e+11    3.89852e-05    3.89852e-05    -6.39246e-16    -6.39246e-16    
491    1.00004e+11    1.00004e+11    3.80198e-05    3.80198e-05    7.67095e-16    7.67095e-16    
492    1.00004e+11    1.00004e+11    3.70056e-05    3.70056e-05    -1.27849e-16    -1.27849e-16    
493    1.00004e+11    1.00004e+11    3.61167e-05    3.61167e-05    -1.02279e-15    -1.02279e-15    
494    1.00004e+11    1.00004e+11    3.52622e-05    3.52622e-05    -1.53419e-15    -1.53419e-15    
495    1.00003e+11    1.00003e+11    3.44771e-05    3.44771e-05    8.94944e-16    8.94944e-16    
496    1.00003e+11    1.00003e+11    3.34448e-05    3.34448e-05    -1.27849e-16    -1.27849e-16    
497    1.00003e+11    1.00003e+11    3.20095e-05    3.20095e-05    -3.83548e-16    -3.83548e-16    
498    1.00003e+11    1.00003e+11    3.07049e-05    3.07049e-05    1.27849e-16    1.27849e-16    
499    1.00003e+11    1.00003e+11    2.95451e-05    2.95451e-05    8.94944e-16    8.94944e-16    
500    1.00003e+11    1.00003e+11    2.79519e-05    2.79519e-05    1.27849e-15    1.27849e-15    
501    1.00003e+11    1.00003e+11    2.62715e-05    2.62715e-05    -3.83548e-16    -3.83548e-16    
502    1.00002e+11    1.00002e+11    2.41066e-05    2.41066e-05    3.32408e-15    3.32408e-15    
503    1.00002e+11    1.00002e+11    2.19284e-05    2.19284e-05    1.27849e-16    1.27849e-16    
504    1.00002e+11    1.00002e+11    1.98544e-05    1.98544e-05    -3.83548e-16    -3.83548e-16    
505    1.00002e+11    1.00002e+11    1.78313e-05    1.78313e-05    -2.30129e-15    -2.30129e-15    
506    1.00002e+11    1.00002e+11    1.5718e-05    1.5718e-05    2.30129e-15    2.30129e-15    
507    1.00001e+11    1.00001e+11    1.36959e-05    1.36959e-05    1.27849e-16    1.27849e-16    
508    1.00001e+11    1.00001e+11    1.15614e-05    1.15614e-05    6.39246e-16    6.39246e-16    
509    1.00001e+11    1.00001e+11    9.73107e-06    9.73107e-06    8.94944e-16    8.94944e-16    
510    1.00001e+11    1.00001e+11    8.07935e-06    8.07935e-06    -1.02279e-15    -1.02279e-15    
511    1.00001e+11    1.00001e+11    6.20153e-06    6.20153e-06    2.17344e-15    2.17344e-15    
512    1e+11    1e+11    4.26132e-06    4.26132e-06    -8.94944e-16    -8.94944e-16    
513    1e+11    1e+11    2.32403e-06    2.32403e-06    -6.39246e-16    -6.39246e-16    
514    1e+11    1e+11    6.972e-07    6.972e-07    -6.39246e-16    -6.39246e-16    
515    9.99999e+10    9.99999e+10    -7.31164e-07    -7.31164e-07    1.40634e-15    1.40634e-15    
516    9.99998e+10    9.99998e+10    -2.30237e-06    -2.30237e-06    7.67095e-16    7.67095e-16    
517    9.99996e+10    9.99996e+10    -3.66459e-06    -3.66459e-06    1.02279e-15    1.02279e-15    
518    9.99995e+10    9.99995e+10    -4.94352e-06    -4.94352e-06    8.94944e-16    8.94944e-16    
519    9.99994e+10    9.99994e+10    -6.39867e-06    -6.39867e-06    3.83548e-16    3.83548e-16    
520    9.99992e+10    9.99992e+10    -7.76599e-06    -7.76599e-06    2.55698e-16    2.55698e-16    
521    9.99991e+10    9.99991e+10    -9.16436e-06    -9.16436e-06    1.53419e-15    1.53419e-15    
522    9.9999e+10    9.9999e+10    -1.04272e-05    -1.04272e-05    7.67095e-16    7.67095e-16    
523    9.99988e+10    9.99988e+10    -1.16436e-05    -1.16436e-05    5.11397e-16    5.11397e-16    
524    9.99987e+10    9.99987e+10    -1.25782e-05    -1.25782e-05    7.67095e-16    7.67095e-16    
525    9.99987e+10    9.99987e+10    -1.32319e-05    -1.32319e-05    -2.42914e-15    -2.42914e-15    
526    9.99986e+10    9.99986e+10    -1.36466e-05    -1.36466e-05    -2.04559e-15    -2.04559e-15    
527    9.99986e+10    9.99986e+10    -1.38949e-05    -1.38949e-05    -2.55698e-16    -2.55698e-16    
528    9.99986e+10    9.99986e+10    -1.40784e-05    -1.40784e-05    1.53419e-15    1.53419e-15    
529    9.99986e+10    9.99986e+10    -1.42117e-05    -1.42117e-05    1.15064e-15    1.15064e-15    
530    9.99986e+10    9.99986e+10    -1.43487e-05    -1.43487e-05    -1.53419e-15    -1.53419e-15    
531    9.99986e+10    9.99986e+10    -1.44027e-05    -1.44027e-05    -1.27849e-15    -1.27849e-15    
532    9.99986e+10    9.99986e+10    -1.43247e-05    -1.43247e-05    5.11397e-16    5.11397e-16    
533    9.99986e+10    9.99986e+10    -1.41218e-05    -1.41218e-05    7.67095e-16    7.67095e-16    
534    9.99986e+10    9.99986e+10    -1.38016e-05    -1.38016e-05    1.02279e-15    1.02279e-15    
535    9.99987e+10    9.99987e+10    -1.34409e-05    -1.34409e-05    8.94944e-16    8.94944e-16    
536    9.99987e+10    9.99987e+10    -1.30919e-05    -1.30919e-05    1.53419e-15    1.53419e-15    
537    9.99987e+10    9.99987e+10    -1.27619e-05    -1.27619e-05    2.55698e-16    2.55698e-16    
538    9.99988e+10    9.99988e+10    -1.24025e-05    -1.24025e-05    -1.02279e-15    -1.02279e-15    
539    9.99988e+10    9.99988e+10    -1.21117e-05    -1.21117e-05    3.83548e-16    3.83548e-16    
540    9.99988e+10    9.99988e+10    -1.19004e-05    -1.19004e-05    -3.83548e-16    -3.83548e-16    
541    9.99988e+10    9.99988e+10    -1.17048e-05    -1.17048e-05    2.55698e-16    2.55698e-16    
542    9.99989e+10    9.99989e+10    -1.15067e-05    -1.15067e-05    -3.32408e-15    -3.32408e-15    
543    9.99989e+10    9.99989e+10    -1.12455e-05    -1.12455e-05    5.11397e-16    5.11397e-16    
544    9.99989e+10    9.99989e+10    -1.09751e-05    -1.09751e-05    2.55698e-16    2.55698e-16    
545    9.99989e+10    9.99989e+10    -1.0663e-05    -1.0663e-05    1.15064e-15    1.15064e-15    
546    9.9999e+10    9.9999e+10    -1.03771e-05    -1.03771e-05    1.78989e-15    1.78989e-15    
547    9.9999e+10    9.9999e+10    -1.01319e-05    -1.01319e-05    6.39246e-16    6.39246e-16    
548    9.9999e+10    9.9999e+10    -9.90083e-06    -9.90083e-06    3.83548e-16    3.83548e-16    
549    9.9999e+10    9.9999e+10    -9.70665e-06    -9.70665e-06    1.27849e-16    1.27849e-16    
550    9.9999e+10    9.9999e+10    -9.55667e-06    -9.55667e-06    -2.55698e-16    -2.55698e-16    
551    9.99991e+10    9.99991e+10    -9.42738e-06    -9.42738e-06    1.27849e-16    1.27849e-16    
552    9.99991e+10    9.99991e+10    -9.28164e-06    -9.28164e-06    1.02279e-15    1.02279e-15    
553    9.99991e+10    9.99991e+10    -9.13433e-06    -9.13433e-06    3.83548e-16    3.83548e-16    
554    9.99991e+10    9.99991e+10    -8.98198e-06    -8.98198e-06    1.40634e-15    1.40634e-15    
555    9.99991e+10    9.99991e+10    -8.82597e-06    -8.82597e-06    -7.67095e-16    -7.67095e-16    
556    9.99991e+10    9.99991e+10    -8.64953e-06    -8.64953e-06    6.39246e-16    6.39246e-16    
557    9.99992e+10    9.99992e+10    -8.44863e-06    -8.44863e-06    -5.11397e-16    -5.11397e-16    
558    9.99992e+10    9.99992e+10    -8.21735e-06    -8.21735e-06    6.39246e-16    6.39246e-16    
559    9.99992e+10    9.99992e+10    -7.95687e-06    -7.95687e-06    -1.27849e-15    -1.27849e-15    
560    9.99992e+10    9.99992e+10    -7.68095e-06    -7.68095e-06    3.83548e-16    3.83548e-16    
561    9.99993e+10    9.99993e+10    -7.40219e-06    -7.40219e-06    1.27849e-16    1.27849e-16    
562    9.99993e+10    9.99993e+10    -7.12462e-06    -7.12462e-06    6.39246e-16    6.39246e-16    
563    9.99993e+10    9.99993e+10    -6.80241e-06    -6.80241e-06    1.40634e-15    1.40634e-15    
564    9.99994e+10    9.99994e+10    -6.48705e-06    -6.48705e-06    3.83548e-16    3.83548e-16    
565    9.99994e+10    9.99994e+10    -6.10621e-06    -6.10621e-06    0    0    
566    9.99994e+10    9.99994e+10    -5.71676e-06    -5.71676e-06    3.83548e-16    3.83548e-16    
567    9.99995e+10    9.99995e+10    -5.32022e-06    -5.32022e-06    1.40634e-15    1.40634e-15    
568    9.99995e+10    9.99995e+10    -4.96689e-06    -4.96689e-06    1.53419e-15    1.53419e-15    
569    9.99995e+10    9.99995e+10    -4.63463e-06    -4.63463e-06    3.45193e-15    3.45193e-15    
570    9.99996e+10    9.99996e+10    -4.33244e-06    -4.33244e-06    -5.11397e-16    -5.11397e-16    
571    9.99996e+10    9.99996e+10    -4.06674e-06    -4.06674e-06    1.91774e-15    1.91774e-15    
572    9.99996e+10    9.99996e+10    -3.83882e-06    -3.83882e-06    -5.11397e-16    -5.11397e-16    
573    9.99996e+10    9.99996e+10    -3.65321e-06    -3.65321e-06    1.66204e-15    1.66204e-15    
574    9.99996e+10    9.99996e+10    -3.52263e-06    -3.52263e-06    1.15064e-15    1.15064e-15    
575    9.99997e+10    9.99997e+10    -3.46491e-06    -3.46491e-06    6.39246e-16    6.39246e-16    
576    9.99997e+10    9.99997e+10    -3.4162e-06    -3.4162e-06    -1.27849e-15    -1.27849e-15    
577    9.99997e+10    9.99997e+10    -3.3654e-06    -3.3654e-06    2.55698e-16    2.55698e-16    
578    9.99997e+10    9.99997e+10    -3.32046e-06    -3.32046e-06    1.15064e-15    1.15064e-15    
579    9.99997e+10    9.99997e+10    -3.2871e-06    -3.2871e-06    8.94944e-16    8.94944e-16    
580    9.99997e+10    9.99997e+10    -3.27723e-06    -3.27723e-06    -1.27849e-16    -1.27849e-16    
581    9.99997e+10    9.99997e+10    -3.30716e-06    -3.30716e-06    -2.55698e-16    -2.55698e-16    
582    9.99997e+10    9.99997e+10    -3.34695e-06    -3.34695e-06    -1.02279e-15    -1.02279e-15    
583    9.99997e+10    9.99997e+10    -3.40932e-06    -3.40932e-06    -1.27849e-16    -1.27849e-16    
584    9.99997e+10    9.99997e+10    -3.50832e-06    -3.50832e-06    3.83548e-16    3.83548e-16    
585    9.99996e+10    9.99996e+10    -3.62064e-06    -3.62064e-06    2.55698e-15    2.55698e-15    
586    9.99996e+10    9.99996e+10    -3.68404e-06    -3.68404e-06    1.40634e-15    1.40634e-15    
587    9.99996e+10    9.99996e+10    -3.67406e-06    -3.67406e-06    3.06838e-15    3.06838e-15    
588    9.99996e+10    9.99996e+10    -3.58668e-06    -3.58668e-06    5.11397e-16    5.11397e-16    
589    9.99997e+10    9.99997e+10    -3.44516e-06    -3.44516e-06    -1.02279e-15    -1.02279e-15    
590    9.99997e+10    9.99997e+10    -3.20043e-06    -3.20043e-06    6.39246e-16    6.39246e-16    
591    9.99997e+10    9.99997e+10    -2.86924e-06    -2.86924e-06    3.83548e-16    3.83548e-16    
592    9.99998e+10    9.99998e+10    -2.40235e-06    -2.40235e-06    7.67095e-16    7.67095e-16    
593    9.99998e+10    9.99998e+10    -1.85431e-06    -1.85431e-06    1.15064e-15    1.15064e-15    
594    9.99999e+10    9.99999e+10    -1.25703e-06    -1.25703e-06    1.53419e-15    1.53419e-15    
595    9.99999e+10    9.99999e+10    -5.95383e-07    -5.95383e-07    1.40634e-15    1.40634e-15    
596    1e+11    1e+11    2.72531e-08    2.72531e-08    -2.55698e-16    -2.55698e-16    
597    1e+11    1e+11    6.3843e-07    6.3843e-07    1.02279e-15    1.02279e-15    
598    1e+11    1e+11    1.25129e-06    1.25129e-06    5.11397e-16    5.11397e-16    
599    1e+11    1e+11    1.88072e-06    1.88072e-06    -1.27849e-16    -1.27849e-16    
600    1e+11    1e+11    2.47183e-06    2.47183e-06    -1.66204e-15    -1.66204e-15    
