#time   totalV   totalAV   Vchange   AVchange   Tchange   ATchange
0    1e+11    1e+11    0    0    0    0    
1    1e+11    1e+11    0    0    2.55227e-16    2.55227e-16    
2    1e+11    1e+11    0    0    7.6568e-16    7.6568e-16    
3    1e+11    1e+11    0    0    1.53136e-15    1.53136e-15    
4    1e+11    1e+11    0    0    6.38066e-16    6.38066e-16    
5    1e+11    1e+11    0    0    3.8284e-16    3.8284e-16    
6    1e+11    1e+11    0    0    1.02091e-15    1.02091e-15    
7    1e+11    1e+11    0    0    6.38066e-16    6.38066e-16    
8    1e+11    1e+11    0    0    -2.55227e-16    -2.55227e-16    
9    1e+11    1e+11    0    0    1.27613e-15    1.27613e-15    
10    1e+11    1e+11    0    0    6.38066e-16    6.38066e-16    
11    1e+11    1e+11    0    0    0    0    
12    1e+11    1e+11    0    0    5.10453e-16    5.10453e-16    
13    1e+11    1e+11    0    0    -5.10453e-16    -5.10453e-16    
14    1e+11    1e+11    0    0    3.8284e-16    3.8284e-16    
15    1e+11    1e+11    0    0    1.27613e-16    1.27613e-16    
16    1e+11    1e+11    0    0    1.27613e-16    1.27613e-16    
17    1e+11    1e+11    0    0    7.6568e-16    7.6568e-16    
18    1e+11    1e+11    0    0    2.55227e-16    2.55227e-16    
19    1e+11    1e+11    0    0    1.27613e-15    1.27613e-15    
20    1e+11    1e+11    0    0    -5.10453e-16    -5.10453e-16    
21    1e+11    1e+11    0    0    8.93293e-16    8.93293e-16    
22    1e+11    1e+11    0    0    3.8284e-16    3.8284e-16    
23    1e+11    1e+11    0    0    1.40375e-15    1.40375e-15    
24    1e+11    1e+11    0    0    1.14852e-15    1.14852e-15    
25    1e+11    1e+11    0    0    1.40375e-15    1.40375e-15    
26    1e+11    1e+11    0    0    7.6568e-16    7.6568e-16    
27    1e+11    1e+11    0    0    -3.8284e-16    -3.8284e-16    
28    1e+11    1e+11    0    0    2.16943e-15    2.16943e-15    
29    1e+11    1e+11    0    0    6.38066e-16    6.38066e-16    
30    1e+11    1e+11    0    0    1.27613e-15    1.27613e-15    
31    1e+11    1e+11    0    0    -6.38066e-16    -6.38066e-16    
32    1e+11    1e+11    0    0    5.10453e-16    5.10453e-16    
33    1e+11    1e+11    0    0    -1.14852e-15    -1.14852e-15    
34    1e+11    1e+11    0    0    2.55227e-16    2.55227e-16    
35    1e+11    1e+11    0    0    -1.27613e-16    -1.27613e-16    
36    1e+11    1e+11    0    0    -2.55227e-16    -2.55227e-16    
37    1e+11    1e+11    0    0    -7.6568e-16    -7.6568e-16    
38    1e+11    1e+11    0    0    1.65897e-15    1.65897e-15    
39    1e+11    1e+11    0    0    6.38066e-16    6.38066e-16    
40    1e+11    1e+11    0    0    0    0    
41    1e+11    1e+11    0    0    -5.10453e-16    -5.10453e-16    
42    1e+11    1e+11    0    0    1.27613e-15    1.27613e-15    
43    1e+11    1e+11    0    0    3.8284e-16    3.8284e-16    
44    1e+11    1e+11    0    0    1.40375e-15    1.40375e-15    
45    1e+11    1e+11    0    0    1.27613e-16    1.27613e-16    
46    1e+11    1e+11    0    0    2.55227e-16    2.55227e-16    
47    1e+11    1e+11    0    0    1.9142e-15    1.9142e-15    
48    1e+11    1e+11    0    0    0    0    
49    1e+11    1e+11    0    0    -3.8284e-16    -3.8284e-16    
50    1e+11    1e+11    0    0    1.02091e-15    1.02091e-15    
51    1e+11    1e+11    0    0    3.8284e-16    3.8284e-16    
52    1e+11    1e+11    0    0    1.27613e-15    1.27613e-15    
53    1e+11    1e+11    0    0    1.14852e-15    1.14852e-15    
54    1e+11    1e+11    0    0    -3.8284e-16    -3.8284e-16    
55    1e+11    1e+11    0    0    5.10453e-16    5.10453e-16    
56    1e+11    1e+11    0    0    1.14852e-15    1.14852e-15    
57    1e+11    1e+11    0    0    1.53136e-15    1.53136e-15    
58    1e+11    1e+11    0    0    3.8284e-16    3.8284e-16    
59    1e+11    1e+11    0    0    1.40375e-15    1.40375e-15    
60    1e+11    1e+11    0    0    3.8284e-16    3.8284e-16    
61    1e+11    1e+11    0    0    -7.6568e-16    -7.6568e-16    
62    1e+11    1e+11    0    0    1.27613e-16    1.27613e-16    
63    1e+11    1e+11    0    0    -7.6568e-16    -7.6568e-16    
64    1e+11    1e+11    0    0    6.38066e-16    6.38066e-16    
65    1e+11    1e+11    0    0    1.14852e-15    1.14852e-15    
66    1e+11    1e+11    0    0    0    0    
67    1e+11    1e+11    0    0    7.6568e-16    7.6568e-16    
68    1e+11    1e+11    0    0    8.93293e-16    8.93293e-16    
69    1e+11    1e+11    0    0    0    0    
70    1e+11    1e+11    0    0    3.8284e-16    3.8284e-16    
71    1e+11    1e+11    0    0    -8.93293e-16    -8.93293e-16    
72    1e+11    1e+11    0    0    5.10453e-16    5.10453e-16    
73    1e+11    1e+11    0    0    1.27613e-16    1.27613e-16    
74    1e+11    1e+11    0    0    1.53136e-15    1.53136e-15    
75    1e+11    1e+11    0    0    -2.55227e-16    -2.55227e-16    
76    1e+11    1e+11    0    0    2.04181e-15    2.04181e-15    
77    1e+11    1e+11    0    0    1.27613e-16    1.27613e-16    
78    1e+11    1e+11    0    0    1.14852e-15    1.14852e-15    
79    1e+11    1e+11    0    0    1.53136e-15    1.53136e-15    
80    1e+11    1e+11    0    0    1.27613e-15    1.27613e-15    
81    1e+11    1e+11    0    0    -8.93293e-16    -8.93293e-16    
82    1e+11    1e+11    0    0    1.78659e-15    1.78659e-15    
83    1e+11    1e+11    0    0    3.8284e-15    3.8284e-15    
84    1e+11    1e+11    0    0    1.27613e-15    1.27613e-15    
85    1e+11    1e+11    0    0    1.40375e-15    1.40375e-15    
86    1e+11    1e+11    0    0    7.6568e-16    7.6568e-16    
87    1e+11    1e+11    0    0    3.19033e-15    3.19033e-15    
88    1e+11    1e+11    0    0    3.06272e-15    3.06272e-15    
89    1e+11    1e+11    0    0    0    0    
90    1e+11    1e+11    0    0    5.10453e-16    5.10453e-16    
91    1e+11    1e+11    0    0    3.8284e-16    3.8284e-16    
92    1e+11    1e+11    0    0    2.55227e-16    2.55227e-16    
93    1e+11    1e+11    0    0    7.6568e-16    7.6568e-16    
94    1e+11    1e+11    0    0    7.6568e-16    7.6568e-16    
95    1e+11    1e+11    0    0    1.53136e-15    1.53136e-15    
96    1e+11    1e+11    0    0    3.8284e-16    3.8284e-16    
97    1e+11    1e+11    0    0    -1.27613e-16    -1.27613e-16    
98    1e+11    1e+11    0    0    1.14852e-15    1.14852e-15    
99    1e+11    1e+11    0    0    -1.65897e-15    -1.65897e-15    
100    1e+11    1e+11    0    0    -1.53136e-15    -1.53136e-15    
101    1e+11    1e+11    0    0    -8.93293e-16    -8.93293e-16    
102    1e+11    1e+11    0    0    8.93293e-16    8.93293e-16    
103    1e+11    1e+11    0    0    1.65897e-15    1.65897e-15    
104    1e+11    1e+11    0    0    1.40375e-15    1.40375e-15    
105    1e+11    1e+11    0    0    1.40375e-15    1.40375e-15    
106    1e+11    1e+11    0    0    6.38066e-16    6.38066e-16    
107    1e+11    1e+11    0    0    1.40375e-15    1.40375e-15    
108    1e+11    1e+11    0    0    2.55227e-16    2.55227e-16    
109    1e+11    1e+11    0    0    3.06272e-15    3.06272e-15    
110    1e+11    1e+11    0    0    5.10453e-16    5.10453e-16    
111    1e+11    1e+11    0    0    1.27613e-16    1.27613e-16    
112    1e+11    1e+11    0    0    1.14852e-15    1.14852e-15    
113    1e+11    1e+11    0    0    1.40375e-15    1.40375e-15    
114    1e+11    1e+11    0    0    1.40375e-15    1.40375e-15    
115    1e+11    1e+11    0    0    -1.27613e-16    -1.27613e-16    
116    1e+11    1e+11    0    0    1.02091e-15    1.02091e-15    
117    1e+11    1e+11    0    0    7.6568e-16    7.6568e-16    
118    1e+11    1e+11    0    0    1.65897e-15    1.65897e-15    
119    1e+11    1e+11    0    0    2.55227e-16    2.55227e-16    
120    1e+11    1e+11    0    0    8.93293e-16    8.93293e-16    
121    1e+11    1e+11    0    0    5.10453e-16    5.10453e-16    
122    1e+11    1e+11    0    0    -5.10453e-16    -5.10453e-16    
123    1e+11    1e+11    0    0    1.02091e-15    1.02091e-15    
124    1e+11    1e+11    0    0    0    0    
125    1e+11    1e+11    0    0    -8.93293e-16    -8.93293e-16    
126    1e+11    1e+11    0    0    -6.38066e-16    -6.38066e-16    
127    1e+11    1e+11    0    0    0    0    
128    1e+11    1e+11    0    0    1.02091e-15    1.02091e-15    
129    1e+11    1e+11    0    0    2.55227e-16    2.55227e-16    
130    1e+11    1e+11    0    0    2.55227e-16    2.55227e-16    
131    1e+11    1e+11    0    0    -1.02091e-15    -1.02091e-15    
132    1e+11    1e+11    0    0    -2.55227e-16    -2.55227e-16    
133    1e+11    1e+11    0    0    1.02091e-15    1.02091e-15    
134    1e+11    1e+11    0    0    1.02091e-15    1.02091e-15    
135    1e+11    1e+11    0    0    1.02091e-15    1.02091e-15    
136    1e+11    1e+11    0    0    -2.55227e-16    -2.55227e-16    
137    1e+11    1e+11    0    0    -7.6568e-16    -7.6568e-16    
138    1e+11    1e+11    0    0    1.02091e-15    1.02091e-15    
139    1e+11    1e+11    0    0    1.40375e-15    1.40375e-15    
140    1e+11    1e+11    0    0    3.70079e-15    3.70079e-15    
141    1e+11    1e+11    0    0    -3.8284e-16    -3.8284e-16    
142    1e+11    1e+11    0    0    2.16943e-15    2.16943e-15    
143    1e+11    1e+11    0    0    2.55227e-16    2.55227e-16    
144    1e+11    1e+11    0    0    8.93293e-16    8.93293e-16    
145    1e+11    1e+11    0    0    2.55227e-15    2.55227e-15    
146    1e+11    1e+11    0    0    2.42465e-15    2.42465e-15    
147    1e+11    1e+11    0    0    1.14852e-15    1.14852e-15    
148    1e+11    1e+11    0    0    7.6568e-16    7.6568e-16    
149    1e+11    1e+11    0    0    8.93293e-16    8.93293e-16    
150    1e+11    1e+11    0    0    3.8284e-16    3.8284e-16    
151    1e+11    1e+11    0    0    6.38066e-16    6.38066e-16    
152    1e+11    1e+11    0    0    3.8284e-16    3.8284e-16    
153    1e+11    1e+11    0    0    1.02091e-15    1.02091e-15    
154    1e+11    1e+11    0    0    3.8284e-16    3.8284e-16    
155    1e+11    1e+11    0    0    3.8284e-16    3.8284e-16    
156    1e+11    1e+11    0    0    -5.10453e-16    -5.10453e-16    
157    1e+11    1e+11    0    0    1.53136e-15    1.53136e-15    
158    1e+11    1e+11    0    0    0    0    
159    1e+11    1e+11    0    0    -5.10453e-16    -5.10453e-16    
160    1e+11    1e+11    0    0    1.78659e-15    1.78659e-15    
161    1e+11    1e+11    0    0    1.40375e-15    1.40375e-15    
162    1e+11    1e+11    0    0    1.27613e-16    1.27613e-16    
163    1e+11    1e+11    0    0    -6.38066e-16    -6.38066e-16    
164    1e+11    1e+11    0    0    -3.8284e-16    -3.8284e-16    
165    1e+11    1e+11    0    0    1.65897e-15    1.65897e-15    
166    1e+11    1e+11    0    0    1.14852e-15    1.14852e-15    
167    1e+11    1e+11    0    0    5.10453e-16    5.10453e-16    
168    1e+11    1e+11    0    0    -8.93293e-16    -8.93293e-16    
169    1e+11    1e+11    0    0    2.55227e-16    2.55227e-16    
170    1e+11    1e+11    0    0    -1.27613e-16    -1.27613e-16    
171    1e+11    1e+11    0    0    1.9142e-15    1.9142e-15    
172    1e+11    1e+11    0    0    -6.38066e-16    -6.38066e-16    
173    1e+11    1e+11    0    0    -3.8284e-16    -3.8284e-16    
174    1e+11    1e+11    0    0    -7.6568e-16    -7.6568e-16    
175    1e+11    1e+11    0    0    0    0    
176    1e+11    1e+11    0    0    1.27613e-15    1.27613e-15    
177    1e+11    1e+11    0    0    1.78659e-15    1.78659e-15    
178    1e+11    1e+11    0    0    1.9142e-15    1.9142e-15    
179    1e+11    1e+11    0    0    7.6568e-16    7.6568e-16    
180    1e+11    1e+11    0    0    1.27613e-15    1.27613e-15    
181    1e+11    1e+11    0    0    -1.27613e-15    -1.27613e-15    
182    1e+11    1e+11    0    0    -1.14852e-15    -1.14852e-15    
183    1e+11    1e+11    0    0    2.55227e-16    2.55227e-16    
184    1e+11    1e+11    0    0    6.38066e-16    6.38066e-16    
185    1e+11    1e+11    0    0    -1.27613e-15    -1.27613e-15    
186    1e+11    1e+11    0    0    -5.10453e-16    -5.10453e-16    
187    1e+11    1e+11    0    0    -1.27613e-16    -1.27613e-16    
188    1e+11    1e+11    0    0    8.93293e-16    8.93293e-16    
189    1e+11    1e+11    0    0    5.10453e-16    5.10453e-16    
190    1e+11    1e+11    0    0    1.27613e-16    1.27613e-16    
191    1e+11    1e+11    0    0    1.02091e-15    1.02091e-15    
192    1e+11    1e+11    0    0    1.27613e-15    1.27613e-15    
193    1e+11    1e+11    0    0    1.53136e-15    1.53136e-15    
194    1e+11    1e+11    0    0    2.80749e-15    2.80749e-15    
195    1e+11    1e+11    0    0    -1.53136e-15    -1.53136e-15    
196    1e+11    1e+11    0    0    1.53136e-15    1.53136e-15    
197    1e+11    1e+11    0    0    -1.53136e-15    -1.53136e-15    
198    1e+11    1e+11    0    0    5.10453e-16    5.10453e-16    
199    1e+11    1e+11    0    0    1.53136e-15    1.53136e-15    
200    1e+11    1e+11    0    0    7.6568e-16    7.6568e-16    
201    1e+11    1e+11    0    0    -1.27613e-15    -1.27613e-15    
202    1e+11    1e+11    0    0    1.02091e-15    1.02091e-15    
203    1e+11    1e+11    0    0    1.9142e-15    1.9142e-15    
204    1e+11    1e+11    0    0    6.38066e-16    6.38066e-16    
205    1e+11    1e+11    0    0    -3.8284e-16    -3.8284e-16    
206    1e+11    1e+11    0    0    -1.02091e-15    -1.02091e-15    
207    1e+11    1e+11    0    0    -6.38066e-16    -6.38066e-16    
208    1e+11    1e+11    0    0    -2.93511e-15    -2.93511e-15    
209    1e+11    1e+11    0    0    8.93293e-16    8.93293e-16    
210    1e+11    1e+11    0    0    -5.10453e-16    -5.10453e-16    
211    1e+11    1e+11    0    0    -6.38066e-16    -6.38066e-16    
212    1e+11    1e+11    0    0    2.04181e-15    2.04181e-15    
213    1e+11    1e+11    0    0    6.38066e-16    6.38066e-16    
214    1e+11    1e+11    0    0    2.04181e-15    2.04181e-15    
215    1e+11    1e+11    0    0    1.14852e-15    1.14852e-15    
216    1e+11    1e+11    0    0    0    0    
217    1e+11    1e+11    0    0    -8.93293e-16    -8.93293e-16    
218    1e+11    1e+11    0    0    -7.6568e-16    -7.6568e-16    
219    1e+11    1e+11    0    0    2.55227e-15    2.55227e-15    
220    1e+11    1e+11    0    0    -5.10453e-16    -5.10453e-16    
221    1e+11    1e+11    0    0    0    0    
222    1e+11    1e+11    0    0    1.14852e-15    1.14852e-15    
223    1e+11    1e+11    0    0    3.31795e-15    3.31795e-15    
224    1e+11    1e+11    0    0    1.53136e-15    1.53136e-15    
225    1e+11    1e+11    0    0    1.02091e-15    1.02091e-15    
226    1e+11    1e+11    0    0    6.38066e-16    6.38066e-16    
227    1e+11    1e+11    0    0    2.67988e-15    2.67988e-15    
228    1e+11    1e+11    0    0    1.40375e-15    1.40375e-15    
229    1e+11    1e+11    0    0    -1.02091e-15    -1.02091e-15    
230    1e+11    1e+11    0    0    1.53136e-15    1.53136e-15    
231    1e+11    1e+11    0    0    1.78659e-15    1.78659e-15    
232    1e+11    1e+11    0    0    -1.02091e-15    -1.02091e-15    
233    1e+11    1e+11    0    0    3.8284e-16    3.8284e-16    
234    1e+11    1e+11    0    0    1.02091e-15    1.02091e-15    
235    1e+11    1e+11    0    0    -1.40375e-15    -1.40375e-15    
236    1e+11    1e+11    0    0    -2.55227e-16    -2.55227e-16    
237    1e+11    1e+11    0    0    3.31795e-15    3.31795e-15    
238    1e+11    1e+11    0    0    1.65897e-15    1.65897e-15    
239    1e+11    1e+11    0    0    -7.6568e-16    -7.6568e-16    
240    1e+11    1e+11    0    0    -1.53136e-15    -1.53136e-15    
241    1e+11    1e+11    0    0    -5.10453e-16    -5.10453e-16    
242    1e+11    1e+11    0    0    1.02091e-15    1.02091e-15    
243    1e+11    1e+11    0    0    1.78659e-15    1.78659e-15    
244    1e+11    1e+11    0    0    7.6568e-16    7.6568e-16    
245    1e+11    1e+11    0    0    1.9142e-15    1.9142e-15    
246    1e+11    1e+11    0    0    1.14852e-15    1.14852e-15    
247    1e+11    1e+11    0    0    1.9142e-15    1.9142e-15    
248    1e+11    1e+11    0    0    0    0    
249    1e+11    1e+11    0    0    4.46647e-15    4.46647e-15    
250    1e+11    1e+11    0    0    3.70079e-15    3.70079e-15    
251    1e+11    1e+11    0    0    3.8284e-16    3.8284e-16    
252    1e+11    1e+11    0    0    2.04181e-15    2.04181e-15    
253    1e+11    1e+11    0    0    6.38066e-16    6.38066e-16    
254    1e+11    1e+11    0    0    -1.02091e-15    -1.02091e-15    
255    1e+11    1e+11    0    0    -3.8284e-16    -3.8284e-16    
256    1e+11    1e+11    0    0    2.55227e-16    2.55227e-16    
257    1e+11    1e+11    0    0    2.04181e-15    2.04181e-15    
258    1e+11    1e+11    0    0    -1.53136e-15    -1.53136e-15    
259    1e+11    1e+11    0    0    1.27613e-16    1.27613e-16    
260    1e+11    1e+11    0    0    -2.55227e-16    -2.55227e-16    
261    1e+11    1e+11    0    0    2.16943e-15    2.16943e-15    
262    1e+11    1e+11    0    0    2.42465e-15    2.42465e-15    
263    1e+11    1e+11    0    0    1.27613e-16    1.27613e-16    
264    1e+11    1e+11    0    0    1.02091e-15    1.02091e-15    
265    1e+11    1e+11    0    0    1.78659e-15    1.78659e-15    
266    1e+11    1e+11    0    0    -1.53136e-15    -1.53136e-15    
267    1e+11    1e+11    0    0    -8.93293e-16    -8.93293e-16    
268    1e+11    1e+11    0    0    7.6568e-16    7.6568e-16    
269    1e+11    1e+11    0    0    1.53136e-15    1.53136e-15    
270    1e+11    1e+11    0    0    7.6568e-16    7.6568e-16    
271    1e+11    1e+11    0    0    1.14852e-15    1.14852e-15    
272    1e+11    1e+11    0    0    2.55227e-16    2.55227e-16    
273    1e+11    1e+11    0    0    -7.6568e-16    -7.6568e-16    
274    1e+11    1e+11    0    0    -1.53136e-15    -1.53136e-15    
275    1e+11    1e+11    0    0    6.38066e-16    6.38066e-16    
276    1e+11    1e+11    0    0    3.70079e-15    3.70079e-15    
277    1e+11    1e+11    0    0    1.14852e-15    1.14852e-15    
278    1e+11    1e+11    0    0    3.8284e-16    3.8284e-16    
279    1e+11    1e+11    0    0    5.10453e-16    5.10453e-16    
280    1e+11    1e+11    0    0    7.6568e-16    7.6568e-16    
281    1e+11    1e+11    0    0    2.16943e-15    2.16943e-15    
282    1e+11    1e+11    0    0    7.6568e-16    7.6568e-16    
283    1e+11    1e+11    0    0    1.27613e-15    1.27613e-15    
284    1e+11    1e+11    0    0    7.6568e-16    7.6568e-16    
285    1e+11    1e+11    0    0    5.10453e-16    5.10453e-16    
286    1e+11    1e+11    0    0    5.10453e-16    5.10453e-16    
287    1e+11    1e+11    0    0    5.10453e-16    5.10453e-16    
288    1e+11    1e+11    0    0    0    0    
289    1e+11    1e+11    0    0    -1.14852e-15    -1.14852e-15    
290    1e+11    1e+11    0    0    1.9142e-15    1.9142e-15    
291    1e+11    1e+11    0    0    -2.04181e-15    -2.04181e-15    
292    1e+11    1e+11    0    0    -5.10453e-16    -5.10453e-16    
293    1e+11    1e+11    0    0    1.78659e-15    1.78659e-15    
294    1e+11    1e+11    0    0    -2.55227e-16    -2.55227e-16    
295    1e+11    1e+11    0    0    4.72169e-15    4.72169e-15    
296    1e+11    1e+11    0    0    6.38066e-16    6.38066e-16    
297    1e+11    1e+11    0    0    3.8284e-15    3.8284e-15    
298    1e+11    1e+11    0    0    -1.27613e-16    -1.27613e-16    
299    1e+11    1e+11    0    0    1.02091e-15    1.02091e-15    
300    1e+11    1e+11    0    0    6.38066e-16    6.38066e-16    
301    1e+11    1e+11    0    0    -1.27613e-16    -1.27613e-16    
302    1e+11    1e+11    0    0    -1.65897e-15    -1.65897e-15    
303    1e+11    1e+11    0    0    6.38066e-16    6.38066e-16    
304    1e+11    1e+11    0    0    -8.93293e-16    -8.93293e-16    
305    1e+11    1e+11    0    0    -2.55227e-16    -2.55227e-16    
306    1e+11    1e+11    0    0    2.04181e-15    2.04181e-15    
307    1e+11    1e+11    0    0    3.8284e-16    3.8284e-16    
308    1e+11    1e+11    0    0    3.31795e-15    3.31795e-15    
309    1e+11    1e+11    0    0    1.14852e-15    1.14852e-15    
310    1e+11    1e+11    0    0    2.04181e-15    2.04181e-15    
311    1e+11    1e+11    0    0    1.65897e-15    1.65897e-15    
312    1e+11    1e+11    0    0    -1.27613e-16    -1.27613e-16    
313    1e+11    1e+11    0    0    -1.02091e-15    -1.02091e-15    
314    1e+11    1e+11    0    0    -2.55227e-16    -2.55227e-16    
315    1e+11    1e+11    0    0    -1.9142e-15    -1.9142e-15    
316    1e+11    1e+11    0    0    -8.93293e-16    -8.93293e-16    
317    1e+11    1e+11    0    0    6.38066e-16    6.38066e-16    
318    1e+11    1e+11    0    0    6.38066e-16    6.38066e-16    
319    1e+11    1e+11    0    0    -3.31795e-15    -3.31795e-15    
320    1e+11    1e+11    0    0    -1.27613e-16    -1.27613e-16    
321    1e+11    1e+11    0    0    -1.14852e-15    -1.14852e-15    
322    1e+11    1e+11    0    0    -1.27613e-15    -1.27613e-15    
323    1e+11    1e+11    0    0    4.08363e-15    4.08363e-15    
324    1e+11    1e+11    0    0    2.16943e-15    2.16943e-15    
325    1e+11    1e+11    0    0    -1.78659e-15    -1.78659e-15    
326    1e+11    1e+11    0    0    -2.55227e-16    -2.55227e-16    
327    1e+11    1e+11    0    0    -1.53136e-15    -1.53136e-15    
328    1e+11    1e+11    0    0    -5.10453e-16    -5.10453e-16    
329    1e+11    1e+11    0    0    2.80749e-15    2.80749e-15    
330    1e+11    1e+11    0    0    -2.29704e-15    -2.29704e-15    
331    1e+11    1e+11    0    0    1.02091e-15    1.02091e-15    
332    1e+11    1e+11    0    0    2.04181e-15    2.04181e-15    
333    1e+11    1e+11    0    0    -1.27613e-15    -1.27613e-15    
334    1e+11    1e+11    0    0    2.93511e-15    2.93511e-15    
335    1e+11    1e+11    0    0    1.27613e-16    1.27613e-16    
336    1e+11    1e+11    0    0    -1.53136e-15    -1.53136e-15    
337    1e+11    1e+11    0    0    1.65897e-15    1.65897e-15    
338    1e+11    1e+11    0    0    2.16943e-15    2.16943e-15    
339    1e+11    1e+11    0    0    1.27613e-16    1.27613e-16    
340    1e+11    1e+11    0    0    -5.10453e-16    -5.10453e-16    
341    1e+11    1e+11    0    0    -2.16943e-15    -2.16943e-15    
342    1e+11    1e+11    0    0    -1.78659e-15    -1.78659e-15    
343    1e+11    1e+11    0    0    1.9142e-15    1.9142e-15    
344    1e+11    1e+11    0    0    1.65897e-15    1.65897e-15    
345    1e+11    1e+11    0    0    2.29704e-15    2.29704e-15    
346    1e+11    1e+11    0    0    -1.9142e-15    -1.9142e-15    
347    1e+11    1e+11    0    0    8.93293e-16    8.93293e-16    
348    1e+11    1e+11    0    0    8.93293e-16    8.93293e-16    
349    1e+11    1e+11    0    0    -3.06272e-15    -3.06272e-15    
350    1e+11    1e+11    0    0    2.04181e-15    2.04181e-15    
351    1e+11    1e+11    0    0    1.65897e-15    1.65897e-15    
352    1e+11    1e+11    0    0    -1.14852e-15    -1.14852e-15    
353    1e+11    1e+11    0    0    -1.53136e-15    -1.53136e-15    
354    1e+11    1e+11    0    0    2.42465e-15    2.42465e-15    
355    1e+11    1e+11    0    0    2.55227e-16    2.55227e-16    
356    1e+11    1e+11    0    0    2.55227e-16    2.55227e-16    
357    1e+11    1e+11    0    0    -1.27613e-16    -1.27613e-16    
358    1e+11    1e+11    0    0    1.9142e-15    1.9142e-15    
359    1e+11    1e+11    0    0    3.8284e-16    3.8284e-16    
360    1e+11    1e+11    0    0    -1.9142e-15    -1.9142e-15    
361    1e+11    1e+11    0    0    -7.6568e-16    -7.6568e-16    
362    1e+11    1e+11    0    0    2.55227e-15    2.55227e-15    
363    1e+11    1e+11    0    0    3.8284e-16    3.8284e-16    
364    1e+11    1e+11    0    0    1.40375e-15    1.40375e-15    
365    1e+11    1e+11    0    0    1.40375e-15    1.40375e-15    
366    1e+11    1e+11    0    0    1.78659e-15    1.78659e-15    
367    1e+11    1e+11    0    0    -5.10453e-15    -5.10453e-15    
368    1e+11    1e+11    0    0    8.93293e-16    8.93293e-16    
369    1e+11    1e+11    0    0    -1.40375e-15    -1.40375e-15    
370    1e+11    1e+11    0    0    1.14852e-15    1.14852e-15    
371    1e+11    1e+11    0    0    -1.14852e-15    -1.14852e-15    
372    1e+11    1e+11    0    0    3.8284e-16    3.8284e-16    
373    1e+11    1e+11    0    0    1.02091e-15    1.02091e-15    
374    1e+11    1e+11    0    0    -1.27613e-15    -1.27613e-15    
375    1e+11    1e+11    0    0    1.78659e-15    1.78659e-15    
376    1e+11    1e+11    0    0    1.27613e-16    1.27613e-16    
377    1e+11    1e+11    0    0    8.93293e-16    8.93293e-16    
378    1e+11    1e+11    0    0    -1.27613e-15    -1.27613e-15    
379    1e+11    1e+11    0    0    3.8284e-16    3.8284e-16    
380    1e+11    1e+11    0    0    1.14852e-15    1.14852e-15    
381    1e+11    1e+11    0    0    -3.8284e-16    -3.8284e-16    
382    1e+11    1e+11    0    0    8.93293e-16    8.93293e-16    
383    1e+11    1e+11    0    0    5.10453e-16    5.10453e-16    
384    1e+11    1e+11    0    0    3.8284e-16    3.8284e-16    
385    1e+11    1e+11    0    0    1.40375e-15    1.40375e-15    
386    1e+11    1e+11    0    0    7.6568e-16    7.6568e-16    
387    1e+11    1e+11    0    0    2.04181e-15    2.04181e-15    
388    1e+11    1e+11    0    0    2.16943e-15    2.16943e-15    
389    1e+11    1e+11    0    0    0    0    
390    1e+11    1e+11    0    0    6.38066e-16    6.38066e-16    
391    1e+11    1e+11    0    0    2.67988e-15    2.67988e-15    
392    1e+11    1e+11    0    0    3.8284e-16    3.8284e-16    
393    1e+11    1e+11    0    0    1.27613e-16    1.27613e-16    
394    1e+11    1e+11    0    0    2.42465e-15    2.42465e-15    
395    1e+11    1e+11    0    0    -1.65897e-15    -1.65897e-15    
396    1e+11    1e+11    0    0    -6.38066e-16    -6.38066e-16    
397    1e+11    1e+11    0    0    2.55227e-16    2.55227e-16    
398    1e+11    1e+11    0    0    -7.6568e-16    -7.6568e-16    
399    1e+11    1e+11    0    0    -1.02091e-15    -1.02091e-15    
400    1e+11    1e+11    0    0    7.6568e-16    7.6568e-16    
401    1e+11    1e+11    0    0    8.93293e-16    8.93293e-16    
402    1e+11    1e+11    0    0    4.08363e-15    4.08363e-15    
403    1e+11    1e+11    0    0    1.53136e-15    1.53136e-15    
404    1e+11    1e+11    0    0    5.10453e-16    5.10453e-16    
405    1e+11    1e+11    0    0    1.27613e-16    1.27613e-16    
406    1e+11    1e+11    0    0    -6.38066e-16    -6.38066e-16    
407    1e+11    1e+11    0    0    8.93293e-16    8.93293e-16    
408    1e+11    1e+11    0    0    6.38066e-16    6.38066e-16    
409    1e+11    1e+11    0    0    1.65897e-15    1.65897e-15    
410    1e+11    1e+11    0    0    5.10453e-16    5.10453e-16    
411    1e+11    1e+11    0    0    6.38066e-16    6.38066e-16    
412    1e+11    1e+11    0    0    2.55227e-15    2.55227e-15    
413    1e+11    1e+11    0    0    3.8284e-16    3.8284e-16    
414    1e+11    1e+11    0    0    1.65897e-15    1.65897e-15    
415    1e+11    1e+11    0    0    3.8284e-16    3.8284e-16    
416    1e+11    1e+11    0    0    8.93293e-16    8.93293e-16    
417    1e+11    1e+11    0    0    -1.53136e-15    -1.53136e-15    
418    1e+11    1e+11    0    0    1.27613e-16    1.27613e-16    
419    1e+11    1e+11    0    0    5.10453e-16    5.10453e-16    
420    1e+11    1e+11    0    0    6.38066e-16    6.38066e-16    
421    1e+11    1e+11    0    0    1.40375e-15    1.40375e-15    
422    1e+11    1e+11    0    0    2.16943e-15    2.16943e-15    
423    1e+11    1e+11    0    0    7.6568e-16    7.6568e-16    
424    1e+11    1e+11    0    0    7.6568e-16    7.6568e-16    
425    1e+11    1e+11    0    0    -2.55227e-16    -2.55227e-16    
426    1e+11    1e+11    0    0    -1.27613e-16    -1.27613e-16    
427    1e+11    1e+11    0    0    2.16943e-15    2.16943e-15    
428    1e+11    1e+11    0    0    -2.55227e-16    -2.55227e-16    
429    1e+11    1e+11    0    0    6.38066e-16    6.38066e-16    
430    1e+11    1e+11    0    0    -2.55227e-16    -2.55227e-16    
431    1e+11    1e+11    0    0    -1.27613e-16    -1.27613e-16    
432    1e+11    1e+11    0    0    1.14852e-15    1.14852e-15    
433    1e+11    1e+11    0    0    2.04181e-15    2.04181e-15    
434    1e+11    1e+11    0    0    -8.93293e-16    -8.93293e-16    
435    1e+11    1e+11    0    0    1.02091e-15    1.02091e-15    
436    1e+11    1e+11    0    0    7.6568e-16    7.6568e-16    
437    1e+11    1e+11    0    0    -2.16943e-15    -2.16943e-15    
438    1e+11    1e+11    0    0    1.02091e-15    1.02091e-15    
439    1e+11    1e+11    0    0    -2.55227e-16    -2.55227e-16    
440    1e+11    1e+11    0    0    1.27613e-16    1.27613e-16    
441    1e+11    1e+11    0    0    8.93293e-16    8.93293e-16    
442    1e+11    1e+11    0    0    1.40375e-15    1.40375e-15    
443    1e+11    1e+11    0    0    2.67988e-15    2.67988e-15    
444    1e+11    1e+11    0    0    2.04181e-15    2.04181e-15    
445    1e+11    1e+11    0    0    -1.27613e-16    -1.27613e-16    
446    1e+11    1e+11    0    0    5.10453e-16    5.10453e-16    
447    1e+11    1e+11    0    0    1.9142e-15    1.9142e-15    
448    1e+11    1e+11    0    0    2.55227e-15    2.55227e-15    
449    1e+11    1e+11    0    0    8.93293e-16    8.93293e-16    
450    1e+11    1e+11    0    0    2.16943e-15    2.16943e-15    
451    1e+11    1e+11    0    0    -2.55227e-16    -2.55227e-16    
452    1e+11    1e+11    0    0    1.9142e-15    1.9142e-15    
453    1e+11    1e+11    0    0    0    0    
454    1e+11    1e+11    0    0    -6.38066e-16    -6.38066e-16    
455    1e+11    1e+11    0    0    5.10453e-16    5.10453e-16    
456    1e+11    1e+11    0    0    8.93293e-16    8.93293e-16    
457    1e+11    1e+11    0    0    7.6568e-16    7.6568e-16    
458    1e+11    1e+11    0    0    1.27613e-16    1.27613e-16    
459    1e+11    1e+11    0    0    3.8284e-16    3.8284e-16    
460    1e+11    1e+11    0    0    -5.10453e-16    -5.10453e-16    
461    1e+11    1e+11    0    0    8.93293e-16    8.93293e-16    
462    1e+11    1e+11    0    0    -1.27613e-16    -1.27613e-16    
463    1e+11    1e+11    0    0    1.27613e-16    1.27613e-16    
464    1e+11    1e+11    0    0    -2.55227e-16    -2.55227e-16    
465    1e+11    1e+11    0    0    1.02091e-15    1.02091e-15    
466    1e+11    1e+11    0    0    2.55227e-16    2.55227e-16    
467    1e+11    1e+11    0    0    2.80749e-15    2.80749e-15    
468    1e+11    1e+11    0    0    1.53136e-15    1.53136e-15    
469    1e+11    1e+11    0    0    3.8284e-16    3.8284e-16    
470    1e+11    1e+11    0    0    -2.55227e-16    -2.55227e-16    
471    1e+11    1e+11    0    0    -8.93293e-16    -8.93293e-16    
472    1e+11    1e+11    0    0    2.55227e-16    2.55227e-16    
473    1e+11    1e+11    0    0    8.93293e-16    8.93293e-16    
474    1e+11    1e+11    0    0    -1.27613e-16    -1.27613e-16    
475    1e+11    1e+11    0    0    -1.02091e-15    -1.02091e-15    
476    1e+11    1e+11    0    0    -1.65897e-15    -1.65897e-15    
477    1e+11    1e+11    0    0    -2.55227e-16    -2.55227e-16    
478    1e+11    1e+11    0    0    2.55227e-16    2.55227e-16    
479    1e+11    1e+11    0    0    -2.55227e-16    -2.55227e-16    
480    1e+11    1e+11    0    0    1.27613e-16    1.27613e-16    
481    1e+11    1e+11    0    0    6.38066e-16    6.38066e-16    
482    1e+11    1e+11    0    0    3.8284e-16    3.8284e-16    
483    1e+11    1e+11    0    0    1.14852e-15    1.14852e-15    
484    1e+11    1e+11    0    0    1.53136e-15    1.53136e-15    
485    1e+11    1e+11    0    0    1.40375e-15    1.40375e-15    
486    1e+11    1e+11    0    0    2.55227e-16    2.55227e-16    
487    1e+11    1e+11    0    0    -8.93293e-16    -8.93293e-16    
488    1e+11    1e+11    0    0    2.04181e-15    2.04181e-15    
489    1e+11    1e+11    0    0    -2.55227e-16    -2.55227e-16    
490    1e+11    1e+11    0    0    1.27613e-16    1.27613e-16    
491    1e+11    1e+11    0    0    -1.65897e-15    -1.65897e-15    
492    1e+11    1e+11    0    0    -1.02091e-15    -1.02091e-15    
493    1e+11    1e+11    0    0    8.93293e-16    8.93293e-16    
494    1e+11    1e+11    0    0    -5.10453e-16    -5.10453e-16    
495    1e+11    1e+11    0    0    -1.27613e-16    -1.27613e-16    
496    1e+11    1e+11    0    0    1.9142e-15    1.9142e-15    
497    1e+11    1e+11    0    0    0    0    
498    1e+11    1e+11    0    0    -8.93293e-16    -8.93293e-16    
499    1e+11    1e+11    0    0    1.40375e-15    1.40375e-15    
500    1e+11    1e+11    0    0    0    0    
501    1e+11    1e+11    0    0    -8.93293e-16    -8.93293e-16    
502    1e+11    1e+11    0    0    -5.10453e-16    -5.10453e-16    
503    1e+11    1e+11    0    0    7.6568e-16    7.6568e-16    
504    1e+11    1e+11    0    0    8.93293e-16    8.93293e-16    
505    1e+11    1e+11    0    0    1.27613e-15    1.27613e-15    
506    1e+11    1e+11    0    0    0    0    
507    1e+11    1e+11    0    0    6.38066e-16    6.38066e-16    
508    1e+11    1e+11    0    0    5.10453e-16    5.10453e-16    
509    1e+11    1e+11    0    0    5.10453e-16    5.10453e-16    
510    1e+11    1e+11    0    0    -5.10453e-16    -5.10453e-16    
511    1e+11    1e+11    0    0    5.10453e-16    5.10453e-16    
512    1e+11    1e+11    0    0    -1.65897e-15    -1.65897e-15    
513    1e+11    1e+11    0    0    -1.27613e-15    -1.27613e-15    
514    1e+11    1e+11    0    0    3.8284e-16    3.8284e-16    
515    1e+11    1e+11    0    0    1.53136e-15    1.53136e-15    
516    1e+11    1e+11    0    0    -6.38066e-16    -6.38066e-16    
517    1e+11    1e+11    0    0    -3.8284e-16    -3.8284e-16    
518    1e+11    1e+11    0    0    -1.27613e-16    -1.27613e-16    
519    1e+11    1e+11    0    0    0    0    
520    1e+11    1e+11    0    0    5.10453e-16    5.10453e-16    
521    1e+11    1e+11    0    0    7.6568e-16    7.6568e-16    
522    1e+11    1e+11    0    0    -1.14852e-15    -1.14852e-15    
523    1e+11    1e+11    0    0    8.93293e-16    8.93293e-16    
524    1e+11    1e+11    0    0    -1.27613e-16    -1.27613e-16    
525    1e+11    1e+11    0    0    0    0    
526    1e+11    1e+11    0    0    5.10453e-16    5.10453e-16    
527    1e+11    1e+11    0    0    1.27613e-16    1.27613e-16    
528    1e+11    1e+11    0    0    0    0    
529    1e+11    1e+11    0    0    7.6568e-16    7.6568e-16    
530    1e+11    1e+11    0    0    1.27613e-15    1.27613e-15    
531    1e+11    1e+11    0    0    -3.8284e-16    -3.8284e-16    
532    1e+11    1e+11    0    0    0    0    
533    1e+11    1e+11    0    0    -1.27613e-16    -1.27613e-16    
534    1e+11    1e+11    0    0    -7.6568e-16    -7.6568e-16    
535    1e+11    1e+11    0    0    8.93293e-16    8.93293e-16    
536    1e+11    1e+11    0    0    2.55227e-16    2.55227e-16    
537    1e+11    1e+11    0    0    1.40375e-15    1.40375e-15    
538    1e+11    1e+11    0    0    6.38066e-16    6.38066e-16    
539    1e+11    1e+11    0    0    -5.10453e-16    -5.10453e-16    
540    1e+11    1e+11    0    0    -3.8284e-16    -3.8284e-16    
541    1e+11    1e+11    0    0    -6.38066e-16    -6.38066e-16    
542    1e+11    1e+11    0    0    5.10453e-16    5.10453e-16    
543    1e+11    1e+11    0    0    -6.38066e-16    -6.38066e-16    
544    1e+11    1e+11    0    0    3.8284e-16    3.8284e-16    
545    1e+11    1e+11    0    0    7.6568e-16    7.6568e-16    
546    1e+11    1e+11    0    0    -3.8284e-16    -3.8284e-16    
547    1e+11    1e+11    0    0    -3.8284e-16    -3.8284e-16    
548    1e+11    1e+11    0    0    -6.38066e-16    -6.38066e-16    
549    1e+11    1e+11    0    0    3.8284e-16    3.8284e-16    
550    1e+11    1e+11    0    0    5.10453e-16    5.10453e-16    
551    1e+11    1e+11    0    0    1.27613e-16    1.27613e-16    
552    1e+11    1e+11    0    0    7.6568e-16    7.6568e-16    
553    1e+11    1e+11    0    0    -2.55227e-16    -2.55227e-16    
554    1e+11    1e+11    0    0    -2.55227e-16    -2.55227e-16    
555    1e+11    1e+11    0    0    1.65897e-15    1.65897e-15    
556    1e+11    1e+11    0    0    -3.8284e-16    -3.8284e-16    
557    1e+11    1e+11    0    0    2.55227e-16    2.55227e-16    
558    1e+11    1e+11    0    0    1.02091e-15    1.02091e-15    
559    1e+11    1e+11    0    0    6.38066e-16    6.38066e-16    
560    1e+11    1e+11    0    0    1.40375e-15    1.40375e-15    
561    1e+11    1e+11    0    0    3.8284e-16    3.8284e-16    
562    1e+11    1e+11    0    0    -1.27613e-16    -1.27613e-16    
563    1e+11    1e+11    0    0    -3.8284e-16    -3.8284e-16    
564    1e+11    1e+11    0    0    -1.40375e-15    -1.40375e-15    
565    1e+11    1e+11    0    0    7.6568e-16    7.6568e-16    
566    1e+11    1e+11    0    0    1.40375e-15    1.40375e-15    
567    1e+11    1e+11    0    0    5.10453e-16    5.10453e-16    
568    1e+11    1e+11    0    0    -6.38066e-16    -6.38066e-16    
569    1e+11    1e+11    0    0    -7.6568e-16    -7.6568e-16    
570    1e+11    1e+11    0    0    -7.6568e-16    -7.6568e-16    
571    1e+11    1e+11    0    0    -2.42465e-15    -2.42465e-15    
572    1e+11    1e+11    0    0    -3.8284e-16    -3.8284e-16    
573    1e+11    1e+11    0    0    7.6568e-16    7.6568e-16    
574    1e+11    1e+11    0    0    -1.27613e-16    -1.27613e-16    
575    1e+11    1e+11    0    0    6.38066e-16    6.38066e-16    
576    1e+11    1e+11    0    0    2.55227e-16    2.55227e-16    
577    1e+11    1e+11    0    0    -3.8284e-16    -3.8284e-16    
578    1e+11    1e+11    0    0    -1.27613e-16    -1.27613e-16    
579    1e+11    1e+11    0    0    1.27613e-16    1.27613e-16    
580    1e+11    1e+11    0    0    -7.6568e-16    -7.6568e-16    
581    1e+11    1e+11    0    0    -1.27613e-16    -1.27613e-16    
582    1e+11    1e+11    0    0    -7.6568e-16    -7.6568e-16    
583    1e+11    1e+11    0    0    7.6568e-16    7.6568e-16    
584    1e+11    1e+11    0    0    -3.8284e-16    -3.8284e-16    
585    1e+11    1e+11    0    0    1.27613e-16    1.27613e-16    
586    1e+11    1e+11    0    0    1.78659e-15    1.78659e-15    
587    1e+11    1e+11    0    0    -8.93293e-16    -8.93293e-16    
588    1e+11    1e+11    0    0    1.27613e-16    1.27613e-16    
589    1e+11    1e+11    0    0    1.27613e-16    1.27613e-16    
590    1e+11    1e+11    0    0    -8.93293e-16    -8.93293e-16    
591    1e+11    1e+11    0    0    1.27613e-16    1.27613e-16    
592    1e+11    1e+11    0    0    1.27613e-16    1.27613e-16    
593    1e+11    1e+11    0    0    -7.6568e-16    -7.6568e-16    
594    1e+11    1e+11    0    0    8.93293e-16    8.93293e-16    
595    1e+11    1e+11    0    0    6.38066e-16    6.38066e-16    
596    1e+11    1e+11    0    0    -8.93293e-16    -8.93293e-16    
597    1e+11    1e+11    0    0    -1.02091e-15    -1.02091e-15    
598    1e+11    1e+11    0    0    0    0    
599    1e+11    1e+11    0    0    -1.27613e-15    -1.27613e-15    
600    1e+11    1e+11    0    0    6.38066e-16    6.38066e-16    
