#time Tmin Tmax uniTmin uniTmax Amin Amax
0.5	-0.000607659 0.998316	0.999996 1	1 1
1	-0.000642112 0.998461	0.999879 1.00008	1 1
1.5	-0.000770177 0.998625	0.999852 1.00011	1 1
2	-0.000846778 0.998721	0.999771 1.00017	1 1
2.5	-0.000994864 0.998502	0.99973 1.00022	1 1
3	-0.00110258 0.998234	0.999692 1.00027	1 1
3.5	-0.00117619 0.997626	0.99968 1.00031	1 1
4	-0.00125738 0.997245	0.999665 1.00035	1 1
4.5	-0.00131711 0.998013	0.999664 1.00038	1 1
5	-0.00141807 0.998512	0.999655 1.00042	1 1
5.5	-0.00152959 0.998861	0.999641 1.00045	1 1
6	-0.00162416 0.999022	0.999627 1.00048	1 1
6.5	-0.00168059 0.999015	0.999611 1.00051	1 1
7	-0.00172931 0.998894	0.999592 1.00054	1 1
7.5	-0.00173804 0.99855	0.999574 1.00057	1 1
8	-0.00177011 0.998047	0.999541 1.00059	1 1
8.5	-0.0019006 0.997796	0.999518 1.00062	1 1
9	-0.0020099 0.998541	0.9995 1.00064	1 1
9.5	-0.0020875 0.999046	0.999485 1.00067	1 1
10	-0.00214344 0.999369	0.999473 1.00069	1 1
10.5	-0.00216741 0.999512	0.999461 1.00072	1 1
11	-0.0021667 0.999475	0.999439 1.00074	1 1
11.5	-0.00217106 0.999339	0.999411 1.00078	1 1
12	-0.00224511 0.999033	0.999384 1.0008	1 1
12.5	-0.00237433 0.998513	0.999361 1.00082	1 1
13	-0.00246934 0.998385	0.999341 1.00083	1 1
13.5	-0.00252858 0.999081	0.999319 1.00085	1 1
14	-0.0025599 0.999544	0.999294 1.00086	1 1
14.5	-0.00255673 0.999817	0.99927 1.00087	1 1
15	-0.00254374 0.999894	0.999245 1.0009	1 1
15.5	-0.00253451 0.999838	0.999224 1.00092	1 1
16	-0.00264293 0.999671	0.999205 1.00094	1 1
16.5	-0.00276392 0.999303	0.999189 1.00096	1 1
17	-0.00285266 0.998729	0.999176 1.00097	1 1
17.5	-0.00291042 0.99861	0.999165 1.00098	1 1
18	-0.00292506 0.999206	0.999147 1.001	1 1
18.5	-0.00291115 0.999628	0.999124 1.00102	1 1
19	-0.00287728 0.999855	0.999103 1.00104	1 1
19.5	-0.00285556 0.999903	0.999084 1.00105	1 1
20	-0.00295363 0.999793	0.999067 1.00106	1 1
20.5	-0.00308159 0.999523	0.999052 1.00107	1 1
21	-0.00318163 0.999069	0.999035 1.00107	1 1
21.5	-0.00324661 0.99845	0.999017 1.00107	1 1
22	-0.00327002 0.998195	0.998998 1.00108	1 1
22.5	-0.00324625 0.998719	0.998983 1.00108	1 1
23	-0.00319979 0.999062	0.998969 1.00109	1 1
23.5	-0.00315585 0.999212	0.998955 1.00109	1 1
24	-0.00319144 0.999178	0.998935 1.00109	1 1
24.5	-0.00333899 0.998986	0.998916 1.00109	1 1
25	-0.0034546 0.998642	0.998898 1.00109	1 1
25.5	-0.0035403 0.998135	0.998883 1.00108	1 1
26	-0.00358608 0.997458	0.998869 1.0011	1 1
26.5	-0.00358829 0.996882	0.998848 1.00112	1 1
27	-0.00355163 0.997268	0.998827 1.00114	1 1
27.5	-0.00351513 0.997824	0.998808 1.00115	1 1
28	-0.00348418 0.998351	0.998791 1.00117	1 1
28.5	-0.00350744 0.998704	0.998775 1.00118	1 1
29	-0.00365353 0.998868	0.998758 1.0012	1 1
29.5	-0.00376574 0.998918	0.998743 1.00122	1 1
30	-0.00384439 0.998762	0.998733 1.00123	1 1
30.5	-0.00388823 0.998394	0.998728 1.00124	1 1
31	-0.00389663 0.997832	0.998725 1.00125	1 1
31.5	-0.00387498 0.998561	0.998723 1.00125	1 1
32	-0.00384418 0.99913	0.99872 1.00126	1 1
32.5	-0.00381991 0.999537	0.99872 1.00127	1 1
33	-0.0037902 0.999742	0.998724 1.00127	1 1
33.5	-0.00391947 0.999764	0.998729 1.00127	1 1
34	-0.00402162 0.999644	0.998738 1.00127	1 1
34.5	-0.00410605 0.999341	0.998748 1.00127	1 1
35	-0.00416121 0.998849	0.998735 1.00127	1 1
35.5	-0.00417564 0.998209	0.998724 1.00126	1 1
36	-0.00417938 0.998038	0.998717 1.00127	1 1
36.5	-0.00416535 0.998499	0.998714 1.00128	1 1
37	-0.00412829 0.99873	0.998713 1.0013	1 1
37.5	-0.00411752 0.998791	0.998714 1.0013	1 1
38	-0.0041201 0.998675	0.998717 1.00131	1 1
38.5	-0.00423628 0.9984	0.998721 1.00131	1 1
39	-0.00432104 0.997979	0.998726 1.0013	1 1
39.5	-0.0043881 0.997469	0.998727 1.00129	1 1
40	-0.00442945 0.997265	0.998729 1.00127	1 1
40.5	-0.00444328 0.996874	0.998732 1.00125	1 1
41	-0.00444488 0.997809	0.998737 1.00123	1 1
41.5	-0.00443716 0.998443	0.998747 1.00121	1 1
42	-0.00440852 0.998992	0.998755 1.00121	1 1
42.5	-0.00440237 0.999352	0.998764 1.00121	1 1
43	-0.00438317 0.999515	0.998772 1.00121	1 1
43.5	-0.00448736 0.999504	0.99878 1.0012	1 1
44	-0.00456418 0.999339	0.998788 1.0012	1 1
44.5	-0.00462467 0.998982	0.998794 1.0012	1 1
45	-0.00466549 0.998457	0.9988 1.00119	1 1
45.5	-0.00468283 0.997807	0.998802 1.00119	1 1
46	-0.00469136 0.998306	0.998802 1.0012	1 1
46.5	-0.00468866 0.998621	0.9988 1.00121	1 1
47	-0.00467615 0.998719	0.998798 1.00122	1 1
47.5	-0.00466314 0.998633	0.998797 1.00123	1 1
48	-0.00464739 0.998396	0.998799 1.00126	1 1
48.5	-0.00468586 0.998015	0.998803 1.00129	1 1
49	-0.00476152 0.997634	0.998808 1.00132	1 1
49.5	-0.00481912 0.997633	0.998816 1.00135	1 1
50	-0.00486789 0.997439	0.998826 1.00137	1 1
50.5	-0.0048842 0.997242	0.998836 1.00139	1 1
51	-0.0049127 0.998008	0.998817 1.00142	1 1
51.5	-0.0049004 0.99869	0.998799 1.00143	1 1
52	-0.00491918 0.999166	0.998782 1.00144	1 1
52.5	-0.00489306 0.999428	0.998765 1.00144	1 1
53	-0.00490181 0.999497	0.998747 1.00144	1 1
53.5	-0.00488219 0.999413	0.998728 1.00143	1 1
54	-0.00489772 0.999161	0.998714 1.00141	1 1
54.5	-0.00495847 0.998738	0.998701 1.00138	1 1
55	-0.00502503 0.998099	0.998688 1.00133	1 1
55.5	-0.00505978 0.997276	0.998674 1.00128	1 1
56	-0.00508909 0.997149	0.998645 1.00129	1 1
56.5	-0.00510638 0.997272	0.99862 1.00129	1 1
57	-0.00510819 0.997391	0.998595 1.0013	1 1
57.5	-0.00512284 0.99802	0.998569 1.00131	1 1
58	-0.00509472 0.998497	0.998545 1.00132	1 1
58.5	-0.00511661 0.998796	0.998523 1.00133	1 1
59	-0.0051011 0.998924	0.998496 1.00134	1 1
59.5	-0.00508187 0.998898	0.998461 1.00137	1 1
60	-0.00509948 0.998685	0.998431 1.00138	1 1
60.5	-0.005166 0.998309	0.998399 1.0014	1 1
61	-0.00520077 0.997714	0.998366 1.00142	1 1
61.5	-0.00524145 0.998107	0.998332 1.00143	1 1
62	-0.00526399 0.998413	0.998303 1.00144	1 1
62.5	-0.00527274 0.99853	0.99827 1.00146	1 1
63	-0.00529541 0.998451	0.998242 1.00147	1 1
63.5	-0.00527856 0.998184	0.998202 1.00149	1 1
64	-0.00529956 0.997721	0.998154 1.0015	1 1
64.5	-0.00529664 0.997832	0.998106 1.00151	1 1
65	-0.00526707 0.998029	0.998059 1.00152	1 1
65.5	-0.00529257 0.998043	0.998012 1.00152	1 1
66	-0.00527885 0.997873	0.997967 1.00151	1 1
66.5	-0.00529184 0.99755	0.997925 1.00149	1 1
67	-0.00533701 0.99795	0.997886 1.00147	1 1
67.5	-0.00537309 0.998495	0.997851 1.00143	1 1
68	-0.00537809 0.998824	0.997814 1.00141	1 1
68.5	-0.00541883 0.998938	0.997778 1.00143	1 1
69	-0.00542607 0.998894	0.997734 1.00145	1 1
69.5	-0.00542819 0.998656	0.997689 1.00146	1 1
70	-0.0054511 0.998229	0.997644 1.00148	1 1
70.5	-0.0054366 0.997581	0.997604 1.00149	1 1
71	-0.00544101 0.997328	0.997568 1.0015	1 1
71.5	-0.00545574 0.997456	0.997528 1.0015	1 1
72	-0.00543305 0.997358	0.997463 1.00151	1 1
72.5	-0.00543012 0.997119	0.997398 1.00154	1 1
73	-0.00544962 0.997872	0.997336 1.00156	1 1
73.5	-0.00543307 0.99844	0.997277 1.00159	1 1
74	-0.00545939 0.9988	0.997222 1.00161	1 1
74.5	-0.00549694 0.998947	0.997171 1.00163	1 1
75	-0.00550462 0.998934	0.997118 1.00164	1 1
75.5	-0.00552341 0.998742	0.997078 1.00164	1 1
76	-0.00554735 0.998344	0.997049 1.00162	1 1
76.5	-0.00553739 0.997729	0.99703 1.00161	1 1
77	-0.00555054 0.997124	0.997018 1.00161	1 1
77.5	-0.00556908 0.997342	0.996992 1.00159	1 1
78	-0.00555404 0.997382	0.996969 1.00157	1 1
78.5	-0.0055523 0.997218	0.996924 1.00154	1 1
79	-0.00557833 0.997513	0.996888 1.00153	1 1
79.5	-0.00556904 0.998109	0.996859 1.00155	1 1
80	-0.00553004 0.998502	0.99682 1.00158	1 1
80.5	-0.00557133 0.998699	0.996792 1.0016	1 1
81	-0.00557736 0.998703	0.996773 1.00162	1 1
81.5	-0.00554782 0.998559	0.996766 1.00164	1 1
82	-0.00556544 0.998184	0.996775 1.00166	1 1
82.5	-0.00557396 0.997606	0.996798 1.0017	1 1
83	-0.00557009 0.997458	0.996835 1.00173	1 1
83.5	-0.00560668 0.997753	0.996864 1.00176	1 1
84	-0.00561323 0.997878	0.996846 1.00178	1 1
84.5	-0.00559027 0.997824	0.996845 1.00181	1 1
85	-0.00562558 0.997593	0.996857 1.00183	1 1
85.5	-0.00564094 0.997331	0.996884 1.00185	1 1
86	-0.00562438 0.997771	0.996928 1.00185	1 1
86.5	-0.00562487 0.998019	0.996984 1.00184	1 1
87	-0.00565433 0.998042	0.997038 1.00182	1 1
87.5	-0.00565326 0.997913	0.997105 1.00178	1 1
88	-0.00561813 0.997571	0.997182 1.00174	1 1
88.5	-0.00564016 0.997359	0.997272 1.0017	1 1
89	-0.00566334 0.997928	0.997332 1.00174	1 1
89.5	-0.00565402 0.998302	0.997377 1.00179	1 1
90	-0.00561195 0.998502	0.997444 1.00185	1 1
90.5	-0.005637 0.998535	0.997527 1.0019	1 1
91	-0.00566235 0.998435	0.997629 1.00195	1 1
91.5	-0.00565453 0.998172	0.997739 1.00198	1 1
92	-0.00561479 0.997737	0.997843 1.002	1 1
92.5	-0.00562086 0.997166	0.997955 1.00205	1 1
93	-0.00565381 0.996485	0.998062 1.00209	1 1
93.5	-0.00565307 0.99645	0.998164 1.00212	1 1
94	-0.00564699 0.996205	0.998269 1.0022	1 1
94.5	-0.00562782 0.997086	0.998378 1.0023	1 1
95	-0.00563396 0.997754	0.998363 1.00242	1 1
95.5	-0.00566477 0.998236	0.998343 1.00255	1 1
96	-0.00566918 0.998561	0.998326 1.00268	1 1
96.5	-0.00564518 0.998761	0.998313 1.00282	1 1
97	-0.00564253 0.998831	0.998307 1.00295	1 1
97.5	-0.00567607 0.998747	0.998303 1.0031	1 1
98	-0.00568272 0.998504	0.998303 1.00324	1 1
98.5	-0.00566178 0.998138	0.998302 1.00339	1 1
99	-0.00563173 0.997622	0.998302 1.0036	1 1
99.5	-0.00567519 0.996987	0.998261 1.00384	1 1
100	-0.00569019 0.996795	0.998206 1.00409	1 1
100.5	-0.00567648 0.997098	0.998155 1.00435	1 1
101	-0.00563269 0.997275	0.998108 1.0046	1 1
101.5	-0.00565832 0.997277	0.998062 1.00484	1 1
102	-0.00568772 0.997132	0.99802 1.00508	1 1
102.5	-0.00568996 0.997103	0.997983 1.0053	1 1
103	-0.00566386 0.997408	0.997957 1.00557	1 1
103.5	-0.0056193 0.997577	0.997946 1.00591	1 1
104	-0.00566814 0.997672	0.997919 1.00621	1 1
104.5	-0.00569198 0.997653	0.997864 1.00647	1 1
105	-0.00568843 0.997489	0.997823 1.00672	1 1
105.5	-0.00565667 0.997241	0.997798 1.00692	1 1
106	-0.00562555 0.996876	0.99772 1.00704	1 1
106.5	-0.00567148 0.997072	0.997631 1.00726	1 1
107	-0.005693 0.997569	0.997568 1.00759	1 1
107.5	-0.00568969 0.997916	0.997534 1.00784	1 1
108	-0.00566085 0.99822	0.99744 1.00798	1 1
108.5	-0.0056145 0.998461	0.997372 1.00802	1 1
109	-0.00566411 0.998596	0.997341 1.00803	1 1
109.5	-0.00569068 0.998649	0.997351 1.00803	1 1
110	-0.00569244 0.998608	0.997322 1.00825	1 1
110.5	-0.00566786 0.998457	0.997239 1.00837	1 1
111	-0.00562066 0.998268	0.997198 1.0084	1 1
111.5	-0.00565238 0.997946	0.997217 1.00836	1 1
112	-0.00568422 0.997576	0.997281 1.0082	1 1
112.5	-0.00569417 0.997037	0.997246 1.00797	1 1
113	-0.0056798 0.996623	0.997187 1.00806	1 1
113.5	-0.00564053 0.996953	0.997183 1.00815	1 1
114	-0.00562883 0.997194	0.997167 1.00815	1 1
114.5	-0.00567104 0.997303	0.997179 1.00807	1 1
115	-0.00569297 0.997294	0.997203 1.00793	1 1
115.5	-0.00569137 0.997261	0.99716 1.00772	1 1
116	-0.00566393 0.997566	0.997164 1.00745	1 1
116.5	-0.00564356 0.997693	0.997119 1.00741	1 1
117	-0.00564531 0.997653	0.99703 1.00748	1 1
117.5	-0.00567942 0.997487	0.996977 1.00747	1 1
118	-0.00569327 0.997177	0.996981 1.0074	1 1
118.5	-0.00568497 0.996856	0.996978 1.00729	1 1
119	-0.00565303 0.997627	0.996984 1.00714	1 1
119.5	-0.00565488 0.998204	0.996891 1.00695	1 1
120	-0.00563639 0.998599	0.996829 1.00672	1 1
120.5	-0.00566882 0.998787	0.996802 1.0065	1 1
121	-0.00568467 0.998775	0.996814 1.00638	1 1
121.5	-0.00568127 0.998575	0.996873 1.00644	1 1
122	-0.00565605 0.998138	0.996915 1.00649	1 1
122.5	-0.00566127 0.997457	0.996881 1.0065	1 1
123	-0.00566005 0.997659	0.996865 1.00646	1 1
123.5	-0.00564003 0.998075	0.996872 1.00637	1 1
124	-0.00566538 0.998305	0.996911 1.00625	1 1
124.5	-0.00567203 0.998302	0.996948 1.00612	1 1
125	-0.00565931 0.998115	0.996903 1.00596	1 1
125.5	-0.00568674 0.997683	0.99688 1.00582	1 1
126	-0.00569866 0.997006	0.99688 1.00564	1 1
126.5	-0.00571749 0.996619	0.996881 1.0055	1 1
127	-0.00573895 0.996964	0.996901 1.00532	1 1
127.5	-0.00573037 0.997083	0.996873 1.00526	1 1
128	-0.00569148 0.997333	0.996783 1.00527	1 1
128.5	-0.00571009 0.997271	0.996715 1.00524	1 1
129	-0.00573527 0.996947	0.99666 1.00517	1 1
129.5	-0.00580676 0.997397	0.996614 1.0051	1 1
130	-0.00584572 0.998005	0.996571 1.00502	1 1
130.5	-0.0058527 0.998299	0.996523 1.0049	1 1
131	-0.00583121 0.998289	0.996481 1.00478	1 1
131.5	-0.00586696 0.997936	0.996453 1.00466	1 1
132	-0.00588226 0.998258	0.996444 1.0045	1 1
132.5	-0.00586865 0.998668	0.996353 1.00431	1 1
133	-0.00591399 0.998722	0.996273 1.00409	1 1
133.5	-0.00592828 0.998429	0.996203 1.00414	1 1
134	-0.00596225 0.998297	0.996152 1.00418	1 1
134.5	-0.00601972 0.998676	0.996108 1.00417	1 1
135	-0.00604615 0.998666	0.99608 1.00413	1 1
135.5	-0.00603935 0.998247	0.996058 1.00406	1 1
136	-0.00599979 0.998386	0.996043 1.00401	1 1
136.5	-0.00602198 0.998519	0.996044 1.00393	1 1
137	-0.00607577 0.998242	0.99606 1.00383	1 1
137.5	-0.00613289 0.998107	0.996091 1.0038	1 1
138	-0.00616034 0.998325	0.996129 1.00383	1 1
138.5	-0.00620484 0.998122	0.996184 1.00383	1 1
139	-0.00623954 0.998028	0.996239 1.00384	1 1
139.5	-0.00624811 0.99828	0.9963 1.00385	1 1
140	-0.00630603 0.998065	0.996363 1.00382	1 1
140.5	-0.00637984 0.998131	0.996418 1.00379	1 1
141	-0.00646303 0.998319	0.996415 1.00378	1 1
141.5	-0.0065145 0.998069	0.996411 1.00375	1 1
142	-0.00653985 0.998262	0.996357 1.0037	1 1
142.5	-0.00662653 0.998463	0.996317 1.00365	1 1
143	-0.00668392 0.99822	0.996291 1.00364	1 1
143.5	-0.00670452 0.998448	0.996284 1.00362	1 1
144	-0.00669832 0.998719	0.996289 1.00362	1 1
144.5	-0.00678197 0.998566	0.996305 1.00365	1 1
145	-0.00683554 0.998443	0.996332 1.00364	1 1
145.5	-0.00689279 0.998874	0.996366 1.00362	1 1
146	-0.00696356 0.998894	0.996404 1.00361	1 1
146.5	-0.00700197 0.998508	0.996437 1.00361	1 1
147	-0.00708529 0.998547	0.996445 1.00359	1 1
147.5	-0.00714501 0.998871	0.996465 1.00355	1 1
148	-0.00717224 0.998822	0.996491 1.00353	1 1
148.5	-0.00717526 0.998394	0.996525 1.00352	1 1
149	-0.00724364 0.99785	0.99657 1.0035	1 1
149.5	-0.00728971 0.998255	0.996618 1.00347	1 1
150	-0.0073058 0.998297	0.996652 1.00349	1 1
150.5	-0.00732848 0.998033	0.99667 1.00349	1 1
151	-0.00742005 0.997424	0.996691 1.00347	1 1
151.5	-0.00747955 0.996507	0.996704 1.00348	1 1
152	-0.00757018 0.997128	0.996693 1.00349	1 1
152.5	-0.00763581 0.997604	0.996686 1.00347	1 1
153	-0.00766586 0.997797	0.996664 1.00344	1 1
153.5	-0.00769091 0.997708	0.99665 1.00343	1 1
154	-0.00774882 0.99734	0.996646 1.00343	1 1
154.5	-0.00777272 0.997336	0.996649 1.00342	1 1
155	-0.00776678 0.998012	0.99666 1.00339	1 1
155.5	-0.00776879 0.998468	0.996675 1.00335	1 1
156	-0.00783911 0.998659	0.996699 1.00335	1 1
156.5	-0.00792822 0.998597	0.996727 1.00334	1 1
157	-0.00801313 0.998294	0.996762 1.00336	1 1
157.5	-0.00809055 0.997803	0.996797 1.00337	1 1
158	-0.00813637 0.997284	0.996825 1.00337	1 1
158.5	-0.00815786 0.996866	0.996845 1.00336	1 1
159	-0.00816403 0.997137	0.996867 1.00334	1 1
159.5	-0.00819717 0.99735	0.996888 1.00333	1 1
160	-0.00822611 0.997509	0.99691 1.00335	1 1
160.5	-0.00824285 0.997615	0.996931 1.00335	1 1
161	-0.00824945 0.99769	0.996953 1.00335	1 1
161.5	-0.00824288 0.997731	0.996962 1.00334	1 1
162	-0.00822171 0.997684	0.996943 1.00332	1 1
162.5	-0.00824958 0.997554	0.996925 1.00329	1 1
163	-0.00826497 0.997346	0.996909 1.00331	1 1
163.5	-0.0083576 0.997031	0.996892 1.00332	1 1
164	-0.00844178 0.996587	0.996876 1.00331	1 1
164.5	-0.00850688 0.996464	0.996863 1.0033	1 1
165	-0.00858069 0.996307	0.996852 1.00327	1 1
165.5	-0.00863819 0.996031	0.996845 1.00324	1 1
166	-0.00867034 0.996099	0.996842 1.00325	1 1
166.5	-0.00867861 0.996738	0.996841 1.00337	1 1
167	-0.00869484 0.997306	0.996845 1.0035	1 1
167.5	-0.0087148 0.997772	0.996853 1.00361	1 1
168	-0.00870807 0.998079	0.996868 1.0037	1 1
168.5	-0.00867084 0.9982	0.996889 1.00375	1 1
169	-0.00868668 0.998095	0.996915 1.00377	1 1
169.5	-0.00869795 0.99776	0.996945 1.00379	1 1
170	-0.00882979 0.997226	0.996978 1.0038	1 1
170.5	-0.00893447 0.996541	0.997013 1.00379	1 1
171	-0.00900996 0.995857	0.997049 1.00381	1 1
171.5	-0.00907523 0.99624	0.997086 1.00386	1 1
172	-0.00912559 0.996478	0.997112 1.00389	1 1
172.5	-0.0091532 0.996598	0.997085 1.0039	1 1
173	-0.00915541 0.99655	0.997062 1.00391	1 1
173.5	-0.00915495 0.996368	0.997043 1.00392	1 1
174	-0.00915458 0.996391	0.997027 1.0039	1 1
174.5	-0.00913378 0.996629	0.997016 1.00387	1 1
175	-0.00908937 0.996735	0.997008 1.00381	1 1
175.5	-0.0090801 0.996684	0.997004 1.00378	1 1
176	-0.0090441 0.996493	0.997004 1.00378	1 1
176.5	-0.00919569 0.996129	0.997006 1.00379	1 1
177	-0.00933164 0.995875	0.997011 1.00378	1 1
177.5	-0.00943825 0.996504	0.996942 1.00377	1 1
178	-0.0095179 0.996994	0.996805 1.00373	1 1
178.5	-0.00957073 0.997327	0.996688 1.00367	1 1
179	-0.00961123 0.997495	0.99657 1.00358	1 1
179.5	-0.00962313 0.997495	0.996482 1.00352	1 1
180	-0.00960682 0.997337	0.996422 1.0035	1 1
180.5	-0.00957456 0.997006	0.996311 1.00349	1 1
181	-0.00954281 0.99651	0.996213 1.00345	1 1
181.5	-0.00948335 0.995844	0.996126 1.0034	1 1
182	-0.00942988 0.995018	0.996061 1.00341	1 1
182.5	-0.00936693 0.994857	0.996024 1.00341	1 1
183	-0.00953086 0.994923	0.995982 1.00342	1 1
183.5	-0.00968194 0.995763	0.995911 1.00348	1 1
184	-0.00980955 0.996406	0.995838 1.00353	1 1
184.5	-0.00991356 0.996878	0.995795 1.00355	1 1
185	-0.0099906 0.997183	0.995781 1.00356	1 1
185.5	-0.0100371 0.997343	0.995795 1.00356	1 1
186	-0.0100533 0.99734	0.99577 1.00362	1 1
186.5	-0.0100423 0.99717	0.995728 1.00367	1 1
187	-0.010007 0.996831	0.995697 1.0037	1 1
187.5	-0.00995477 0.996326	0.995694 1.00371	1 1
188	-0.00987602 0.995651	0.995714 1.00371	1 1
188.5	-0.00978819 0.994742	0.995735 1.00371	1 1
189	-0.00967483 0.994591	0.995722 1.00375	1 1
189.5	-0.00969426 0.994634	0.995708 1.00376	1 1
190	-0.00987308 0.995432	0.995715 1.00375	1 1
190.5	-0.0100336 0.996071	0.99574 1.00372	1 1
191	-0.010182 0.996533	0.995783 1.00368	1 1
191.5	-0.0102965 0.996838	0.995775 1.00367	1 1
192	-0.0103857 0.996956	0.995779 1.00367	1 1
192.5	-0.0104439 0.996872	0.995784 1.00365	1 1
193	-0.0104699 0.996611	0.995812 1.00362	1 1
193.5	-0.0104788 0.996155	0.99586 1.00362	1 1
194	-0.0104527 0.995527	0.995878 1.00362	1 1
194.5	-0.0104002 0.994763	0.995885 1.00361	1 1
195	-0.0103346 0.994639	0.995901 1.00358	1 1
195.5	-0.0102651 0.994738	0.995917 1.00355	1 1
196	-0.0101807 0.994662	0.995954 1.00355	1 1
196.5	-0.0101106 0.995335	0.996011 1.00354	1 1
197	-0.0102317 0.995919	0.996008 1.0035	1 1
197.5	-0.0103879 0.996319	0.996025 1.00345	1 1
198	-0.0105205 0.996539	0.996046 1.00343	1 1
198.5	-0.0106284 0.996541	0.996067 1.0034	1 1
199	-0.0107113 0.996333	0.996108 1.00335	1 1
199.5	-0.0107844 0.995942	0.996149 1.00333	1 1
200	-0.0108379 0.995357	0.99615 1.00333	1 1
200.5	-0.0108619 0.994632	0.996171 1.00335	1 1
201	-0.0108722 0.994146	0.996192 1.00336	1 1
201.5	-0.0108745 0.994159	0.99621 1.00337	1 1
202	-0.0108504 0.994053	0.996245 1.00337	1 1
202.5	-0.0108456 0.994888	0.996301 1.00338	1 1
203	-0.0108107 0.995542	0.996323 1.00339	1 1
203.5	-0.0107858 0.995998	0.996311 1.0034	1 1
204	-0.0107498 0.99626	0.996259 1.0034	1 1
204.5	-0.0106997 0.996312	0.996202 1.00339	1 1
205	-0.0106779 0.996155	0.996171 1.0034	1 1
205.5	-0.0107604 0.995797	0.996169 1.0034	1 1
206	-0.0108724 0.995268	0.99618 1.00339	1 1
206.5	-0.0109825 0.994545	0.996165 1.00337	1 1
207	-0.0110681 0.993606	0.996145 1.00337	1 1
207.5	-0.0111229 0.99304	0.996128 1.00335	1 1
208	-0.0111661 0.993652	0.996137 1.00333	1 1
208.5	-0.0112062 0.9945	0.99617 1.00329	1 1
209	-0.0112152 0.99513	0.996202 1.00327	1 1
209.5	-0.0112356 0.995574	0.996192 1.00324	1 1
210	-0.0112497 0.995849	0.996186 1.0032	1 1
210.5	-0.0112313 0.995944	0.996169 1.00315	1 1
211	-0.011251 0.995847	0.996171 1.00309	1 1
211.5	-0.0112394 0.99556	0.996195 1.00304	1 1
212	-0.0112119 0.995075	0.996238 1.00301	1 1
212.5	-0.0112234 0.994402	0.996246 1.00303	1 1
213	-0.0112032 0.993615	0.99623 1.00305	1 1
213.5	-0.0111569 0.993869	0.996207 1.00307	1 1
214	-0.011175 0.993919	0.996203 1.00309	1 1
214.5	-0.0111918 0.993756	0.996217 1.0031	1 1
215	-0.011247 0.994203	0.996249 1.00312	1 1
215.5	-0.0113053 0.994627	0.996295 1.00313	1 1
216	-0.0113591 0.994879	0.996277 1.00313	1 1
216.5	-0.0113872 0.994966	0.996247 1.00313	1 1
217	-0.0114156 0.994869	0.996234 1.00312	1 1
217.5	-0.0114602 0.994594	0.996237 1.00311	1 1
218	-0.0114783 0.994111	0.99626 1.0031	1 1
218.5	-0.0114926 0.994237	0.9963 1.00308	1 1
219	-0.0115308 0.994707	0.996322 1.00305	1 1
219.5	-0.0115385 0.994977	0.996288 1.00302	1 1
220	-0.0115288 0.995048	0.99627 1.00297	1 1
220.5	-0.0115656 0.994938	0.996269 1.00292	1 1
221	-0.0115725 0.994631	0.996288 1.00287	1 1
221.5	-0.0115492 0.994122	0.996324 1.00282	1 1
222	-0.0115638 0.993428	0.996328 1.00282	1 1
222.5	-0.011582 0.992722	0.996328 1.00285	1 1
223	-0.0115684 0.992575	0.996315 1.00288	1 1
223.5	-0.0115226 0.992736	0.996314 1.0029	1 1
224	-0.0115594 0.993511	0.996328 1.00292	1 1
224.5	-0.0115711 0.994134	0.996345 1.00293	1 1
225	-0.0115495 0.994579	0.996325 1.00294	1 1
225.5	-0.0114973 0.99485	0.996321 1.00294	1 1
226	-0.0115395 0.994936	0.996332 1.00293	1 1
226.5	-0.0115524 0.994824	0.99636 1.00292	1 1
227	-0.0115958 0.994509	0.996385 1.0029	1 1
227.5	-0.0116195 0.993979	0.996349 1.00288	1 1
228	-0.0116134 0.993249	0.996329 1.00284	1 1
228.5	-0.0116595 0.993681	0.996327 1.00281	1 1
229	-0.0116895 0.993994	0.996339 1.00277	1 1
229.5	-0.0116918 0.99413	0.996367 1.00273	1 1
230	-0.0116716 0.994093	0.996399 1.00268	1 1
230.5	-0.0117165 0.993891	0.996366 1.00272	1 1
231	-0.0117367 0.99346	0.996349 1.00274	1 1
231.5	-0.0117295 0.992857	0.99635 1.00276	1 1
232	-0.0116923 0.99252	0.996366 1.00278	1 1
232.5	-0.0117335 0.99232	0.996397 1.00278	1 1
233	-0.011755 0.991938	0.99642 1.00279	1 1
233.5	-0.0117505 0.992793	0.996404 1.00278	1 1
234	-0.0117147 0.993443	0.996393 1.00277	1 1
234.5	-0.0117289 0.99396	0.996395 1.00276	1 1
235	-0.0117595 0.994251	0.996415 1.00274	1 1
235.5	-0.0117656 0.994352	0.996419 1.00271	1 1
236	-0.011743 0.994265	0.996394 1.00268	1 1
236.5	-0.0116899 0.993994	0.996385 1.00265	1 1
237	-0.0117419 0.993527	0.996392 1.00264	1 1
237.5	-0.0117689 0.99287	0.996414 1.00263	1 1
238	-0.0117672 0.993351	0.996439 1.00264	1 1
238.5	-0.0117342 0.993788	0.99641 1.00265	1 1
239	-0.0116806 0.994032	0.996395 1.00266	1 1
239.5	-0.0117345 0.994095	0.996394 1.00267	1 1
240	-0.0117621 0.99396	0.99641 1.00266	1 1
240.5	-0.0117613 0.99366	0.996442 1.00266	1 1
241	-0.0117324 0.993168	0.996455 1.00265	1 1
241.5	-0.0116742 0.992501	0.996436 1.00263	1 1
242	-0.0116979 0.991641	0.99643 1.00261	1 1
242.5	-0.0117384 0.992043	0.996441 1.0026	1 1
243	-0.0117501 0.992356	0.996467 1.0026	1 1
243.5	-0.0117338 0.992449	0.996472 1.0026	1 1
244	-0.0116902 0.992388	0.996448 1.00259	1 1
244.5	-0.0116427 0.992699	0.996436 1.00257	1 1
245	-0.0116959 0.992855	0.99644 1.00256	1 1
245.5	-0.0117297 0.99279	0.99646 1.00257	1 1
246	-0.0117351 0.992529	0.996476 1.00257	1 1
246.5	-0.0117126 0.992066	0.996451 1.00258	1 1
247	-0.0116629 0.992264	0.99644 1.00258	1 1
247.5	-0.0116255 0.992948	0.996444 1.00258	1 1
248	-0.0116736 0.993427	0.996464 1.00257	1 1
248.5	-0.0117109 0.99373	0.996497 1.00255	1 1
249	-0.0117216 0.993849	0.996493 1.00252	1 1
249.5	-0.0117041 0.993769	0.996483 1.00252	1 1
250	-0.011656 0.9935	0.996488 1.00253	1 1
250.5	-0.0115784 0.99304	0.996509 1.00254	1 1
251	-0.0116314 0.992394	0.99653 1.00254	1 1
251.5	-0.0116796 0.992738	0.996502 1.00254	1 1
252	-0.0117027 0.993281	0.996482 1.00253	1 1
252.5	-0.0116998 0.993639	0.996477 1.00251	1 1
253	-0.0116685 0.993818	0.996486 1.0025	1 1
253.5	-0.0116089 0.993794	0.99651 1.00251	1 1
254	-0.0115534 0.993567	0.996508 1.00252	1 1
254.5	-0.0116175 0.993171	0.996494 1.00253	1 1
255	-0.0116627 0.992577	0.996494 1.00253	1 1
255.5	-0.0116822 0.991916	0.996509 1.00252	1 1
256	-0.0116725 0.992489	0.996536 1.0025	1 1
256.5	-0.0116344 0.992921	0.996568 1.00248	1 1
257	-0.0116075 0.993177	0.996551 1.00247	1 1
257.5	-0.0116438 0.993249	0.996535 1.00248	1 1
258	-0.0116448 0.993133	0.996532 1.00249	1 1
258.5	-0.0116325 0.99282	0.996545 1.0025	1 1
259	-0.0116534 0.992331	0.996543 1.0025	1 1
259.5	-0.0116478 0.991657	0.996525 1.00249	1 1
260	-0.0116144 0.991301	0.996521 1.00248	1 1
260.5	-0.0115768 0.991806	0.996529 1.00246	1 1
261	-0.0116093 0.992178	0.996551 1.00245	1 1
261.5	-0.0116802 0.992404	0.996577 1.00247	1 1
262	-0.0117174 0.992414	0.996568 1.00248	1 1
262.5	-0.0117214 0.992219	0.996573 1.00248	1 1
263	-0.0116879 0.991865	0.996592 1.00248	1 1
263.5	-0.0116143 0.991329	0.996593 1.00247	1 1
264	-0.0115415 0.990617	0.996592 1.00246	1 1
264.5	-0.0115895 0.990597	0.996569 1.00244	1 1
265	-0.0116905 0.991128	0.996559 1.00241	1 1
265.5	-0.0117577 0.991533	0.996561 1.00243	1 1
266	-0.0117876 0.991754	0.996577 1.00244	1 1
266.5	-0.0117797 0.991865	0.996603 1.00245	1 1
267	-0.0117321 0.991867	0.996593 1.00245	1 1
267.5	-0.0117051 0.991675	0.996596 1.00244	1 1
268	-0.0116645 0.991304	0.996613 1.00243	1 1
268.5	-0.0116249 0.990771	0.996642 1.00242	1 1
269	-0.011691 0.990678	0.996646 1.0024	1 1
269.5	-0.0117367 0.991323	0.996617 1.00241	1 1
270	-0.0118151 0.991786	0.996602 1.00242	1 1
270.5	-0.0118639 0.99207	0.996601 1.00243	1 1
271	-0.0118797 0.992166	0.996612 1.00243	1 1
271.5	-0.0118612 0.992069	0.996636 1.00243	1 1
272	-0.0118047 0.991789	0.996626 1.00242	1 1
272.5	-0.0117093 0.991355	0.996629 1.00241	1 1
273	-0.0117684 0.99075	0.996644 1.00239	1 1
273.5	-0.0118501 0.990966	0.996673 1.00237	1 1
274	-0.0118993 0.991547	0.996689 1.00239	1 1
274.5	-0.011913 0.99194	0.99666 1.0024	1 1
275	-0.011888 0.992133	0.996644 1.00241	1 1
275.5	-0.011877 0.992127	0.99664 1.00242	1 1
276	-0.0119089 0.991962	0.996649 1.00241	1 1
276.5	-0.0119082 0.991623	0.996669 1.0024	1 1
277	-0.0118721 0.991082	0.996665 1.00239	1 1
277.5	-0.0117999 0.990357	0.996669 1.00237	1 1
278	-0.0118968 0.990952	0.996686 1.00235	1 1
278.5	-0.0119764 0.991467	0.996717 1.00236	1 1
279	-0.0120255 0.991783	0.996723 1.00238	1 1
279.5	-0.012043 0.99189	0.996697 1.00239	1 1
280	-0.0120234 0.99181	0.996682 1.00239	1 1
280.5	-0.0119645 0.991555	0.996678 1.00239	1 1
281	-0.0118742 0.991132	0.996685 1.00239	1 1
281.5	-0.0119581 0.990505	0.996706 1.00237	1 1
282	-0.0120056 0.990146	0.996711 1.00236	1 1
282.5	-0.0120155 0.99084	0.99672 1.00234	1 1
283	-0.0119842 0.991347	0.99674 1.00233	1 1
283.5	-0.0120113 0.991661	0.996762 1.00235	1 1
284	-0.0120801 0.99179	0.996753 1.00236	1 1
284.5	-0.012122 0.991769	0.996729 1.00237	1 1
285	-0.0121323 0.991561	0.996717 1.00237	1 1
285.5	-0.0121081 0.991188	0.996716 1.00237	1 1
286	-0.0120447 0.990652	0.996726 1.00236	1 1
286.5	-0.0121207 0.990966	0.996748 1.00235	1 1
287	-0.0121766 0.991586	0.99677 1.00233	1 1
287.5	-0.012197 0.992051	0.996782 1.00232	1 1
288	-0.0121804 0.992358	0.996794 1.00231	1 1
288.5	-0.0121239 0.992478	0.996779 1.00233	1 1
289	-0.0120457 0.992412	0.996775 1.00234	1 1
289.5	-0.0121254 0.992148	0.996764 1.00235	1 1
290	-0.012179 0.991705	0.996757 1.00235	1 1
290.5	-0.0122044 0.991098	0.996762 1.00235	1 1
291	-0.0121985 0.991639	0.996777 1.00234	1 1
291.5	-0.0121978 0.992226	0.996804 1.00233	1 1
292	-0.0122869 0.992645	0.99684 1.00232	1 1
292.5	-0.0123377 0.992914	0.996821 1.00231	1 1
293	-0.0123564 0.992989	0.996801 1.0023	1 1
293.5	-0.0123437 0.992885	0.996793 1.0023	1 1
294	-0.0122943 0.992581	0.996796 1.00232	1 1
294.5	-0.0122763 0.992085	0.996811 1.00233	1 1
295	-0.0123122 0.991401	0.996813 1.00233	1 1
295.5	-0.0123092 0.991888	0.996826 1.00233	1 1
296	-0.012265 0.992423	0.996852 1.00233	1 1
296.5	-0.0122695 0.992763	0.996879 1.00232	1 1
297	-0.0122982 0.992932	0.996851 1.00232	1 1
297.5	-0.0123994 0.992929	0.996831 1.00231	1 1
298	-0.0124663 0.992772	0.996822 1.0023	1 1
298.5	-0.0125006 0.992427	0.996824 1.00229	1 1
299	-0.0125066 0.991896	0.996836 1.00228	1 1
299.5	-0.0124831 0.991163	0.99686 1.00229	1 1
300	-0.0125013 0.99119	0.996895 1.0023	1 1
300.5	-0.0125343 0.991683	0.996899 1.00231	1 1
301	-0.01253 0.99194	0.996878 1.0023	1 1
301.5	-0.0124864 0.992022	0.996868 1.0023	1 1
302	-0.0124003 0.991935	0.996868 1.00231	1 1
302.5	-0.0123505 0.99168	0.996871 1.00231	1 1
303	-0.0124358 0.991218	0.996876 1.0023	1 1
303.5	-0.0125364 0.990597	0.99689 1.00229	1 1
304	-0.0126091 0.990209	0.996916 1.00228	1 1
304.5	-0.012651 0.990247	0.99694 1.00227	1 1
305	-0.0126623 0.991056	0.996911 1.00226	1 1
305.5	-0.0126897 0.991647	0.996894 1.00226	1 1
306	-0.012741 0.992087	0.996887 1.00227	1 1
306.5	-0.0127571 0.992349	0.99689 1.00228	1 1
307	-0.0127345 0.992429	0.996904 1.00229	1 1
307.5	-0.012673 0.992332	0.996928 1.00229	1 1
308	-0.0126206 0.992048	0.996963 1.00229	1 1
308.5	-0.0126509 0.991576	0.996955 1.00228	1 1
309	-0.0127087 0.991042	0.996935 1.00228	1 1
309.5	-0.0127387 0.991716	0.996926 1.00228	1 1
310	-0.0127393 0.992208	0.996927 1.00228	1 1
310.5	-0.0127916 0.992522	0.996937 1.00227	1 1
311	-0.0128575 0.99266	0.996956 1.00226	1 1
311.5	-0.0129287 0.992622	0.996977 1.00224	1 1
312	-0.0129678 0.992414	0.997004 1.00224	1 1
312.5	-0.012976 0.992037	0.996986 1.00225	1 1
313	-0.01295 0.991468	0.996964 1.00225	1 1
313.5	-0.0129554 0.990688	0.996953 1.00225	1 1
314	-0.0129915 0.99028	0.996953 1.00226	1 1
314.5	-0.013 0.990633	0.996964 1.00227	1 1
315	-0.0129835 0.990781	0.996986 1.00227	1 1
315.5	-0.013052 0.990914	0.997013 1.00227	1 1
316	-0.0130929 0.991335	0.99701 1.00226	1 1
316.5	-0.0131524 0.991619	0.996989 1.00225	1 1
317	-0.0132086 0.9917	0.996976 1.00226	1 1
317.5	-0.0132391 0.991605	0.996975 1.00226	1 1
318	-0.0132411 0.991339	0.996984 1.00226	1 1
318.5	-0.0132252 0.990864	0.997003 1.00225	1 1
319	-0.0132583 0.990984	0.997028 1.00223	1 1
319.5	-0.0132673 0.99163	0.997048 1.00222	1 1
320	-0.013247 0.992093	0.997025 1.00223	1 1
320.5	-0.0133153 0.99236	0.997011 1.00223	1 1
321	-0.0133992 0.992423	0.997007 1.00223	1 1
321.5	-0.0134548 0.992291	0.997013 1.00223	1 1
322	-0.0134823 0.991986	0.99703 1.00224	1 1
322.5	-0.0135256 0.991514	0.997053 1.00224	1 1
323	-0.0135571 0.990835	0.997085 1.00224	1 1
323.5	-0.0135627 0.989993	0.997064 1.00224	1 1
324	-0.0135421 0.989536	0.997048 1.00223	1 1
324.5	-0.0135267 0.989768	0.997042 1.00223	1 1
325	-0.0135255 0.99054	0.997045 1.00224	1 1
325.5	-0.0134949 0.991137	0.997059 1.00224	1 1
326	-0.0135776 0.991527	0.99708 1.00224	1 1
326.5	-0.0136764 0.991752	0.997101 1.00223	1 1
327	-0.0137635 0.991802	0.997077 1.00222	1 1
327.5	-0.0138219 0.991671	0.997062 1.00222	1 1
328	-0.013852 0.991349	0.997055 1.00222	1 1
328.5	-0.0138522 0.990862	0.997058 1.00222	1 1
329	-0.0138659 0.990507	0.997071 1.00221	1 1
329.5	-0.0138593 0.990991	0.997092 1.0022	1 1
330	-0.0138267 0.99129	0.997121 1.0022	1 1
330.5	-0.0137672 0.991434	0.997096 1.0022	1 1
331	-0.0137421 0.991382	0.99708 1.00221	1 1
331.5	-0.0137474 0.991134	0.997073 1.0022	1 1
332	-0.0138832 0.990692	0.997076 1.0022	1 1
332.5	-0.0139922 0.990287	0.997088 1.00221	1 1
333	-0.0140762 0.990361	0.997108 1.00221	1 1
333.5	-0.0141301 0.990254	0.997138 1.00222	1 1
334	-0.0141699 0.990014	0.997115 1.00222	1 1
334.5	-0.0141902 0.990043	0.997099 1.00221	1 1
335	-0.014183 0.990754	0.997092 1.0022	1 1
335.5	-0.0141482 0.991278	0.997095 1.00221	1 1
336	-0.0141012 0.991606	0.997106 1.00221	1 1
336.5	-0.0140482 0.991745	0.997125 1.00221	1 1
337	-0.0139656 0.991714	0.997153 1.00221	1 1
337.5	-0.013968 0.991503	0.997135 1.0022	1 1
338	-0.01403 0.991097	0.997119 1.00219	1 1
338.5	-0.0141755 0.990506	0.997112 1.0022	1 1
339	-0.0142963 0.989736	0.997114 1.0022	1 1
339.5	-0.0143911 0.988741	0.997124 1.0022	1 1
340	-0.0144576 0.988744	0.997143 1.0022	1 1
340.5	-0.0144981 0.989688	0.99717 1.00219	1 1
341	-0.0145105 0.990454	0.997152 1.00218	1 1
341.5	-0.0144945 0.990995	0.997137 1.00218	1 1
342	-0.0144506 0.991341	0.99713 1.00219	1 1
342.5	-0.0143773 0.991506	0.997132 1.00219	1 1
343	-0.0142799 0.991495	0.997142 1.00218	1 1
343.5	-0.0142302 0.991312	0.997161 1.00218	1 1
344	-0.0142376 0.990958	0.997188 1.00216	1 1
344.5	-0.0142108 0.990428	0.997168 1.00216	1 1
345	-0.0143119 0.989651	0.997153 1.00217	1 1
345.5	-0.0144511 0.988691	0.997146 1.00216	1 1
346	-0.0145711 0.98836	0.997149 1.00216	1 1
346.5	-0.0146711 0.989052	0.99716 1.00217	1 1
347	-0.0147469 0.989868	0.997181 1.00217	1 1
347.5	-0.0147951 0.990487	0.997199 1.0022	1 1
348	-0.0148179 0.990911	0.997179 1.00227	1 1
348.5	-0.0148128 0.991133	0.997166 1.00235	1 1
349	-0.0147959 0.991174	0.997162 1.00243	1 1
349.5	-0.0147556 0.99104	0.997166 1.00252	1 1
350	-0.0147005 0.990731	0.997177 1.00259	1 1
350.5	-0.0146375 0.990232	0.997197 1.00267	1 1
351	-0.0145693 0.989502	0.997211 1.00273	1 1
351.5	-0.0144906 0.988614	0.997191 1.0028	1 1
352	-0.0144252 0.987692	0.99718 1.00286	1 1
352.5	-0.0145389 0.988453	0.997177 1.00292	1 1
353	-0.01468 0.989315	0.997183 1.00298	1 1
353.5	-0.0147997 0.990001	0.997197 1.00306	1 1
354	-0.0148964 0.990478	0.997219 1.00314	1 1
354.5	-0.0149647 0.990749	0.997219 1.00321	1 1
355	-0.0150301 0.990835	0.997202 1.00327	1 1
355.5	-0.0150758 0.990736	0.997194 1.00333	1 1
356	-0.0150943 0.990455	0.997194 1.00338	1 1
356.5	-0.0151059 0.989963	0.997203 1.00342	1 1
357	-0.0151129 0.989287	0.99722 1.00347	1 1
357.5	-0.015091 0.988472	0.99723 1.00354	1 1
358	-0.0150903 0.988194	0.997229 1.00361	1 1
358.5	-0.0150677 0.988229	0.997217 1.00366	1 1
359	-0.0150359 0.988548	0.997213 1.0037	1 1
359.5	-0.0150214 0.989251	0.997216 1.00376	1 1
360	-0.0149761 0.989774	0.997228 1.00381	1 1
360.5	-0.0149519 0.99013	0.997224 1.00385	1 1
361	-0.0149304 0.990272	0.997229 1.00388	1 1
361.5	-0.0149431 0.990224	0.997243 1.00389	1 1
362	-0.0150201 0.98998	0.997237 1.0039	1 1
362.5	-0.0150988 0.989545	0.997238 1.00392	1 1
363	-0.0151544 0.988904	0.99723 1.00397	1 1
363.5	-0.0152047 0.988741	0.997223 1.00401	1 1
364	-0.0152556 0.989021	0.997224 1.00404	1 1
364.5	-0.0152811 0.989111	0.997232 1.00406	1 1
365	-0.0152979 0.989037	0.997248 1.00406	1 1
365.5	-0.0153298 0.988776	0.997256 1.00405	1 1
366	-0.0153377 0.988502	0.997237 1.00402	1 1
366.5	-0.0153359 0.988838	0.997227 1.00402	1 1
367	-0.015363 0.988984	0.997224 1.00402	1 1
367.5	-0.0153639 0.988929	0.997229 1.004	1 1
368	-0.015336 0.988681	0.997243 1.00398	1 1
368.5	-0.0153658 0.988318	0.997265 1.00397	1 1
369	-0.015366 0.988974	0.997249 1.004	1 1
369.5	-0.0153354 0.989452	0.997236 1.00402	1 1
370	-0.0153409 0.989718	0.997232 1.00403	1 1
370.5	-0.0153504 0.989793	0.997237 1.00403	1 1
371	-0.0153331 0.989667	0.99725 1.00402	1 1
371.5	-0.0152868 0.98935	0.99727 1.004	1 1
372	-0.0153153 0.988857	0.997267 1.00397	1 1
372.5	-0.0153211 0.988144	0.997255 1.00394	1 1
373	-0.0152989 0.987225	0.997251 1.0039	1 1
373.5	-0.0153603 0.986867	0.997255 1.00385	1 1
374	-0.0153957 0.987159	0.997266 1.0038	1 1
374.5	-0.0153999 0.987956	0.997264 1.00377	1 1
375	-0.0153727 0.988577	0.99726 1.00374	1 1
375.5	-0.0153932 0.988991	0.997265 1.00374	1 1
376	-0.0153862 0.989203	0.997278 1.00374	1 1
376.5	-0.0154272 0.989198	0.997281 1.00373	1 1
377	-0.0154545 0.988971	0.997263 1.00372	1 1
377.5	-0.0154548 0.98851	0.997253 1.00371	1 1
378	-0.0154314 0.987868	0.997251 1.0037	1 1
378.5	-0.0154761 0.988452	0.997258 1.00369	1 1
379	-0.0154952 0.988817	0.997273 1.00367	1 1
379.5	-0.0154877 0.988989	0.997279 1.00365	1 1
380	-0.0155052 0.988982	0.997264 1.00362	1 1
380.5	-0.0155235 0.988774	0.997257 1.00359	1 1
381	-0.0155131 0.988353	0.997259 1.00355	1 1
381.5	-0.0155036 0.987706	0.997268 1.00351	1 1
382	-0.0154692 0.986814	0.997252 1.00346	1 1
382.5	-0.0155014 0.986021	0.99723 1.00341	1 1
383	-0.0155604 0.986699	0.997214 1.0034	1 1
383.5	-0.0155952 0.987484	0.9972 1.00341	1 1
384	-0.0156059 0.988076	0.997191 1.00341	1 1
384.5	-0.0155894 0.988476	0.997187 1.00341	1 1
385	-0.0155435 0.988664	0.997188 1.0034	1 1
385.5	-0.0155018 0.988638	0.997192 1.00338	1 1
386	-0.0155538 0.988408	0.997201 1.00336	1 1
386.5	-0.0155868 0.98796	0.997215 1.00334	1 1
387	-0.0155968 0.987552	0.997164 1.00331	1 1
387.5	-0.0155804 0.988203	0.997117 1.00329	1 1
388	-0.0155357 0.988605	0.997071 1.00326	1 1
388.5	-0.0155722 0.988794	0.997029 1.00322	1 1
389	-0.0156559 0.988762	0.996989 1.00318	1 1
389.5	-0.0157202 0.988518	0.996953 1.00315	1 1
390	-0.015763 0.988024	0.996921 1.00312	1 1
390.5	-0.0157825 0.987346	0.996891 1.00308	1 1
391	-0.0157763 0.986495	0.996864 1.00304	1 1
391.5	-0.0157416 0.986741	0.99684 1.00303	1 1
392	-0.015679 0.986978	0.99682 1.00303	1 1
392.5	-0.0155879 0.987001	0.996804 1.00302	1 1
393	-0.0155784 0.986842	0.996799 1.00302	1 1
393.5	-0.0155924 0.986838	0.996797 1.00302	1 1
394	-0.0156307 0.986898	0.9968 1.00302	1 1
394.5	-0.0156494 0.986716	0.996808 1.00302	1 1
395	-0.0156576 0.986288	0.996822 1.00301	1 1
395.5	-0.0157476 0.986581	0.996809 1.003	1 1
396	-0.0158181 0.987318	0.996761 1.00298	1 1
396.5	-0.0158695 0.987833	0.996718 1.00296	1 1
397	-0.0159015 0.988118	0.996679 1.00293	1 1
397.5	-0.015914 0.988176	0.996646 1.0029	1 1
398	-0.0159009 0.988025	0.996618 1.00287	1 1
398.5	-0.0158611 0.987669	0.996595 1.00283	1 1
399	-0.0157935 0.987081	0.996577 1.00279	1 1
399.5	-0.0157008 0.986895	0.996565 1.00275	1 1
400	-0.0157789 0.98753	0.996557 1.0027	1 1
400.5	-0.0158355 0.987945	0.996552 1.00269	1 1
401	-0.015874 0.988187	0.996551 1.00271	1 1
401.5	-0.0158918 0.988235	0.996555 1.00272	1 1
402	-0.0158886 0.988081	0.996563 1.00273	1 1
402.5	-0.0158631 0.987715	0.996574 1.00273	1 1
403	-0.0159024 0.98717	0.996591 1.00272	1 1
403.5	-0.0159453 0.986402	0.996614 1.00271	1 1
404	-0.0159656 0.986593	0.996642 1.0027	1 1
404.5	-0.0159614 0.987128	0.996608 1.00268	1 1
405	-0.0159357 0.987454	0.996576 1.00266	1 1
405.5	-0.0158879 0.987616	0.996548 1.00264	1 1
406	-0.0158339 0.987614	0.996523 1.00262	1 1
406.5	-0.015923 0.987457	0.996504 1.00259	1 1
407	-0.0159954 0.987143	0.996491 1.00256	1 1
407.5	-0.0160479 0.986642	0.996484 1.00253	1 1
408	-0.016079 0.985976	0.996483 1.00249	1 1
408.5	-0.016089 0.985168	0.996487 1.00246	1 1
409	-0.0160778 0.985358	0.996494 1.00242	1 1
409.5	-0.0160446 0.985891	0.996505 1.00239	1 1
410	-0.0159888 0.986284	0.996519 1.0024	1 1
410.5	-0.0159161 0.986514	0.996538 1.00241	1 1
411	-0.0159235 0.986596	0.996563 1.00242	1 1
411.5	-0.0159063 0.986524	0.996596 1.00242	1 1
412	-0.0158638 0.986322	0.996635 1.00241	1 1
412.5	-0.0159282 0.98599	0.996635 1.00241	1 1
413	-0.0160224 0.985547	0.996622 1.00239	1 1
413.5	-0.0160964 0.985	0.996618 1.00238	1 1
414	-0.0161519 0.984436	0.996621 1.00236	1 1
414.5	-0.0161837 0.98389	0.996631 1.00233	1 1
415	-0.0161905 0.984551	0.996648 1.00231	1 1
415.5	-0.0161713 0.985075	0.99667 1.00228	1 1
416	-0.0161252 0.985425	0.9967 1.00225	1 1
416.5	-0.0160551 0.985645	0.996732 1.00222	1 1
417	-0.0159544 0.985774	0.996769 1.00219	1 1
417.5	-0.0160153 0.985948	0.996808 1.00215	1 1
418	-0.0160776 0.985999	0.996853 1.00214	1 1
418.5	-0.0161218 0.98592	0.996908 1.00216	1 1
419	-0.0161444 0.985696	0.996966 1.00216	1 1
419.5	-0.0161414 0.985366	0.997032 1.00217	1 1
420	-0.0161558 0.984971	0.997079 1.00216	1 1
420.5	-0.0161735 0.984485	0.9971 1.00215	1 1
421	-0.0161649 0.983901	0.997129 1.00214	1 1
421.5	-0.0161314 0.983295	0.997163 1.00213	1 1
422	-0.0160694 0.983981	0.997206 1.00211	1 1
422.5	-0.0160639 0.98458	0.99725 1.00209	1 1
423	-0.0161582 0.985044	0.9973 1.00207	1 1
423.5	-0.0162287 0.985443	0.997351 1.00205	1 1
424	-0.0162761 0.985713	0.997368 1.00202	1 1
424.5	-0.0163005 0.985894	0.997361 1.00199	1 1
425	-0.0163007 0.985996	0.997362 1.00196	1 1
425.5	-0.016276 0.986022	0.997371 1.00193	1 1
426	-0.0162255 0.98597	0.997325 1.00191	1 1
426.5	-0.016147 0.985847	0.997219 1.00192	1 1
427	-0.0160424 0.985672	0.997131 1.00193	1 1
427.5	-0.0160044 0.985448	0.997064 1.00193	1 1
428	-0.0161103 0.985139	0.997046 1.00193	1 1
428.5	-0.0161957 0.984788	0.99707 1.00192	1 1
429	-0.0162573 0.98439	0.997095 1.00191	1 1
429.5	-0.0162929 0.983921	0.997113 1.0019	1 1
430	-0.016301 0.983392	0.997122 1.00188	1 1
430.5	-0.0162806 0.982841	0.997125 1.00187	1 1
431	-0.0162323 0.982944	0.997125 1.00185	1 1
431.5	-0.016152 0.983457	0.997111 1.00182	1 1
432	-0.0161033 0.98391	0.997096 1.00182	1 1
432.5	-0.0161974 0.9843	0.997093 1.00182	1 1
433	-0.0162701 0.984612	0.997105 1.00182	1 1
433.5	-0.0163174 0.984852	0.997099 1.00182	1 1
434	-0.0163379 0.985029	0.997088 1.00181	1 1
434.5	-0.0163288 0.985138	0.997084 1.00182	1 1
435	-0.0162882 0.985243	0.99709 1.00183	1 1
435.5	-0.0162135 0.985319	0.997102 1.00183	1 1
436	-0.016105 0.985385	0.997123 1.00183	1 1
436.5	-0.0161202 0.985384	0.997135 1.00184	1 1
437	-0.0162173 0.985335	0.997154 1.00183	1 1
437.5	-0.0162834 0.985242	0.997178 1.00183	1 1
438	-0.0163208 0.985113	0.997177 1.00183	1 1
438.5	-0.0163277 0.984947	0.997173 1.00182	1 1
439	-0.0163024 0.984811	0.997173 1.00182	1 1
439.5	-0.0162411 0.984652	0.997178 1.00182	1 1
440	-0.0161423 0.984447	0.997189 1.00182	1 1
440.5	-0.016062 0.98423	0.997203 1.00182	1 1
441	-0.0161749 0.983927	0.997221 1.00183	1 1
441.5	-0.0162568 0.983656	0.997243 1.00184	1 1
442	-0.0163072 0.983308	0.997268 1.00184	1 1
442.5	-0.0163243 0.982881	0.997294 1.00185	1 1
443	-0.0163085 0.982482	0.99731 1.00186	1 1
443.5	-0.016256 0.982549	0.997313 1.00186	1 1
444	-0.0161629 0.983043	0.997312 1.00198	1 1
444.5	-0.0160512 0.983512	0.997313 1.00209	1 1
445	-0.0161486 0.983893	0.997319 1.00219	1 1
445.5	-0.016212 0.98423	0.997328 1.00229	1 1
446	-0.0162375 0.984474	0.997342 1.00237	1 1
446.5	-0.0162255 0.984756	0.997357 1.00242	1 1
447	-0.0161729 0.985032	0.997374 1.00245	1 1
447.5	-0.0161261 0.985288	0.997393 1.00246	1 1
448	-0.0160579 0.985527	0.997413 1.00246	1 1
448.5	-0.0160657 0.985698	0.997433 1.00245	1 1
449	-0.0161697 0.98582	0.997448 1.00243	1 1
449.5	-0.016238 0.985896	0.997451 1.0024	1 1
450	-0.0162679 0.985936	0.997458 1.00236	1 1
450.5	-0.0162558 0.985931	0.997468 1.00233	1 1
451	-0.0162023 0.985871	0.997483 1.00232	1 1
451.5	-0.0161073 0.985762	0.9975 1.00232	1 1
452	-0.0159654 0.985618	0.997519 1.00231	1 1
452.5	-0.0160216 0.985435	0.997535 1.00231	1 1
453	-0.0160579 0.98521	0.99755 1.00233	1 1
453.5	-0.0161349 0.984923	0.997565 1.00234	1 1
454	-0.0161822 0.98463	0.997582 1.00235	1 1
454.5	-0.0161872 0.984239	0.9976 1.00235	1 1
455	-0.0161514 0.983773	0.997607 1.00235	1 1
455.5	-0.0160759 0.983484	0.997608 1.00234	1 1
456	-0.0160411 0.984046	0.997614 1.00234	1 1
456.5	-0.0161156 0.984507	0.997624 1.00235	1 1
457	-0.0161527 0.984974	0.997635 1.00234	1 1
457.5	-0.0161481 0.98538	0.997646 1.00234	1 1
458	-0.0160988 0.985731	0.997659 1.00233	1 1
458.5	-0.0160329 0.986051	0.997674 1.00231	1 1
459	-0.0160345 0.986292	0.997689 1.00229	1 1
459.5	-0.0159944 0.986463	0.997707 1.0023	1 1
460	-0.0160146 0.986536	0.997719 1.00231	1 1
460.5	-0.0161073 0.986521	0.997724 1.00231	1 1
461	-0.0161589 0.986418	0.997714 1.00231	1 1
461.5	-0.0161651 0.986222	0.997704 1.00232	1 1
462	-0.016126 0.985939	0.997702 1.00233	1 1
462.5	-0.0160448 0.985604	0.997708 1.00233	1 1
463	-0.015923 0.985183	0.997722 1.00232	1 1
463.5	-0.0159359 0.984664	0.997712 1.00231	1 1
464	-0.0159474 0.984327	0.997707 1.0023	1 1
464.5	-0.0159958 0.984945	0.997708 1.00229	1 1
465	-0.0160734 0.985537	0.997717 1.00229	1 1
465.5	-0.0161145 0.985981	0.997734 1.00228	1 1
466	-0.0161153 0.986338	0.997734 1.00227	1 1
466.5	-0.0160725 0.98661	0.997729 1.00227	1 1
467	-0.0159873 0.986749	0.997732 1.00229	1 1
467.5	-0.0160145 0.986771	0.997742 1.0023	1 1
468	-0.0160384 0.986658	0.997753 1.0023	1 1
468.5	-0.01602 0.986398	0.997761 1.0023	1 1
469	-0.0159583 0.986003	0.997751 1.00229	1 1
469.5	-0.0159875 0.985492	0.997739 1.00229	1 1
470	-0.0160332 0.984888	0.997734 1.00229	1 1
470.5	-0.0160367 0.984901	0.997738 1.00229	1 1
471	-0.0160005 0.985483	0.997749 1.00229	1 1
471.5	-0.0160205 0.985922	0.997744 1.00228	1 1
472	-0.0160691 0.98623	0.997733 1.00227	1 1
472.5	-0.0160804 0.986401	0.997729 1.00225	1 1
473	-0.0160524 0.986419	0.997732 1.00225	1 1
473.5	-0.0159799 0.986289	0.997743 1.00225	1 1
474	-0.0159609 0.986022	0.997754 1.00225	1 1
474.5	-0.015928 0.985591	0.99774 1.00225	1 1
475	-0.0159528 0.98499	0.997734 1.00226	1 1
475.5	-0.0159397 0.984231	0.997735 1.00227	1 1
476	-0.016029 0.9844	0.997744 1.00228	1 1
476.5	-0.0160827 0.984841	0.997762 1.00227	1 1
477	-0.016096 0.985079	0.99776 1.00227	1 1
477.5	-0.0160649 0.985129	0.99775 1.00226	1 1
478	-0.0159882 0.98496	0.997747 1.00226	1 1
478.5	-0.0159837 0.985154	0.997753 1.00227	1 1
479	-0.0159574 0.985128	0.997766 1.00226	1 1
479.5	-0.0158848 0.984917	0.997788 1.00226	1 1
480	-0.0159214 0.984499	0.997775 1.00225	1 1
480.5	-0.0160174 0.98466	0.997767 1.00223	1 1
481	-0.0160775 0.98542	0.997766 1.00223	1 1
481.5	-0.0160997 0.986008	0.997772 1.00223	1 1
482	-0.0160843 0.986406	0.997785 1.00223	1 1
482.5	-0.016028 0.986604	0.997794 1.00222	1 1
483	-0.0160079 0.986611	0.997777 1.00223	1 1
483.5	-0.0160099 0.986422	0.997768 1.00224	1 1
484	-0.0159683 0.986024	0.997765 1.00225	1 1
484.5	-0.0159364 0.985425	0.997771 1.00225	1 1
485	-0.0159585 0.985602	0.997784 1.00224	1 1
485.5	-0.0160422 0.986126	0.997789 1.00224	1 1
486	-0.0160927 0.986418	0.997773 1.00223	1 1
486.5	-0.0161039 0.986509	0.997765 1.00224	1 1
487	-0.016074 0.986387	0.997764 1.00225	1 1
487.5	-0.0160041 0.986066	0.997771 1.00224	1 1
488	-0.0159928 0.985531	0.997786 1.00224	1 1
488.5	-0.0159967 0.984839	0.997793 1.00223	1 1
489	-0.0160177 0.984184	0.997777 1.00221	1 1
489.5	-0.0159977 0.984495	0.997768 1.00222	1 1
490	-0.0159877 0.98499	0.997766 1.00222	1 1
490.5	-0.0160677 0.98562	0.997772 1.00222	1 1
491	-0.0161148 0.986025	0.997785 1.00221	1 1
491.5	-0.0161247 0.986227	0.997805 1.0022	1 1
492	-0.0160969 0.986223	0.997787 1.0022	1 1
492.5	-0.0160417 0.986012	0.997775 1.00221	1 1
493	-0.0160207 0.985604	0.99777 1.00221	1 1
493.5	-0.0159604 0.985481	0.997774 1.00221	1 1
494	-0.0159985 0.98615	0.997784 1.0022	1 1
494.5	-0.0159976 0.986587	0.997803 1.0022	1 1
495	-0.0160091 0.986804	0.997801 1.00221	1 1
495.5	-0.0160953 0.986821	0.997786 1.00222	1 1
496	-0.0161466 0.98664	0.997778 1.00222	1 1
496.5	-0.0161617 0.986272	0.997777 1.00222	1 1
497	-0.0161425 0.985691	0.997782 1.00221	1 1
497.5	-0.0160896 0.984936	0.997795 1.0022	1 1
498	-0.0160552 0.984224	0.997815 1.00221	1 1
498.5	-0.0159895 0.984473	0.997807 1.00221	1 1
499	-0.0158821 0.98492	0.997792 1.00222	1 1
499.5	-0.0158953 0.985562	0.997784 1.00223	1 1
500	-0.0160003 0.985986	0.997783 1.00227	1 1
500.5	-0.0160993 0.98623	0.99779 1.00231	1 1
501	-0.0161716 0.986297	0.997804 1.00234	1 1
501.5	-0.0162096 0.986172	0.997826 1.00237	1 1
502	-0.0162108 0.985834	0.997815 1.00239	1 1
502.5	-0.0161767 0.985297	0.997801 1.00241	1 1
503	-0.0161072 0.985676	0.997793 1.00243	1 1
503.5	-0.0160254 0.986112	0.997792 1.00245	1 1
504	-0.0159447 0.986343	0.997797 1.00248	1 1
504.5	-0.0159087 0.986397	0.99781 1.00251	1 1
505	-0.0159881 0.986273	0.997829 1.00258	1 1
505.5	-0.0161042 0.985972	0.997833 1.00265	1 1
506	-0.0161934 0.985476	0.997816 1.00271	1 1
506.5	-0.0162539 0.9848	0.997806 1.00277	1 1
507	-0.0162816 0.984326	0.997802 1.00282	1 1
507.5	-0.0162775 0.984105	0.997805 1.00286	1 1
508	-0.01624 0.98479	0.997815 1.0029	1 1
508.5	-0.0161694 0.985576	0.997832 1.00294	1 1
509	-0.0160647 0.986171	0.997841 1.00297	1 1
509.5	-0.0159398 0.986554	0.997838 1.003	1 1
510	-0.0159298 0.986728	0.997824 1.00303	1 1
510.5	-0.0160692 0.986728	0.997817 1.00305	1 1
511	-0.016184 0.986556	0.997816 1.00307	1 1
511.5	-0.0162709 0.986196	0.997822 1.00308	1 1
512	-0.0163296 0.985654	0.997834 1.0031	1 1
512.5	-0.0163571 0.984931	0.997837 1.00316	1 1
513	-0.0163527 0.984206	0.997838 1.00321	1 1
513.5	-0.0163161 0.984409	0.997844 1.00326	1 1
514	-0.0162458 0.984413	0.99784 1.0033	1 1
514.5	-0.0161445 0.985149	0.997834 1.00334	1 1
515	-0.0160158 0.985707	0.997835 1.00338	1 1
515.5	-0.015982 0.986108	0.997841 1.00342	1 1
516	-0.0161198 0.986327	0.997833 1.00345	1 1
516.5	-0.0162357 0.986368	0.997825 1.00347	1 1
517	-0.0163239 0.98624	0.997819 1.00348	1 1
517.5	-0.0163851 0.985933	0.997818 1.00348	1 1
518	-0.0164175 0.985445	0.997829 1.00347	1 1
518.5	-0.0164179 0.984776	0.99786 1.00348	1 1
519	-0.016386 0.985066	0.99786 1.00352	1 1
519.5	-0.0163204 0.98521	0.997867 1.00356	1 1
520	-0.0162299 0.985215	0.997854 1.00359	1 1
520.5	-0.0161448 0.985053	0.997845 1.00362	1 1
521	-0.0160319 0.985092	0.997842 1.00366	1 1
521.5	-0.016149 0.985557	0.997845 1.00369	1 1
522	-0.0162612 0.985853	0.997853 1.0037	1 1
522.5	-0.0163508 0.98597	0.997867 1.00371	1 1
523	-0.0164143 0.985921	0.997888 1.0037	1 1
523.5	-0.0164498 0.985686	0.997894 1.00369	1 1
524	-0.0164539 0.985292	0.997876 1.00367	1 1
524.5	-0.0164711 0.98488	0.997864 1.00368	1 1
525	-0.0164608 0.985224	0.997858 1.0037	1 1
525.5	-0.0164175 0.985388	0.997858 1.00373	1 1
526	-0.016342 0.985372	0.997864 1.00376	1 1
526.5	-0.0162398 0.985219	0.997876 1.00378	1 1
527	-0.0161635 0.984909	0.997894 1.00379	1 1
527.5	-0.0162696 0.985258	0.997888 1.0038	1 1
528	-0.016352 0.985639	0.997882 1.00379	1 1
528.5	-0.0164099 0.98584	0.997881 1.00378	1 1
529	-0.0164869 0.985875	0.997887 1.00375	1 1
529.5	-0.0165465 0.985743	0.997884 1.00373	1 1
530	-0.0165786 0.985431	0.997886 1.00376	1 1
530.5	-0.0165814 0.984939	0.997894 1.00378	1 1
531	-0.0165516 0.984874	0.997909 1.00379	1 1
531.5	-0.016486 0.985031	0.997896 1.00379	1 1
532	-0.0163869 0.985035	0.997886 1.00378	1 1
532.5	-0.0163457 0.984889	0.997882 1.00377	1 1
533	-0.0162798 0.984601	0.997883 1.00376	1 1
533.5	-0.0163466 0.98524	0.99789 1.00377	1 1
534	-0.0164547 0.985722	0.997903 1.00376	1 1
534.5	-0.0165401 0.986017	0.997921 1.00375	1 1
535	-0.0166006 0.98614	0.997937 1.00373	1 1
535.5	-0.0166344 0.986082	0.997927 1.00371	1 1
536	-0.0166387 0.985843	0.997914 1.00374	1 1
536.5	-0.0166119 0.985437	0.997905 1.00376	1 1
537	-0.0165836 0.984841	0.997901 1.00377	1 1
537.5	-0.0165918 0.984079	0.997903 1.00377	1 1
538	-0.0165679 0.984064	0.997911 1.00376	1 1
538.5	-0.0165164 0.98389	0.997925 1.00374	1 1
539	-0.0164365 0.984521	0.997944 1.00371	1 1
539.5	-0.0164541 0.985215	0.997928 1.00368	1 1
540	-0.0165321 0.985762	0.997918 1.00367	1 1
540.5	-0.0165849 0.986124	0.997912 1.00367	1 1
541	-0.0166107 0.98632	0.997912 1.00366	1 1
541.5	-0.0166073 0.986341	0.997917 1.00365	1 1
542	-0.0166716 0.986178	0.997929 1.00365	1 1
542.5	-0.0167118 0.985852	0.997946 1.00367	1 1
543	-0.0167236 0.98533	0.997966 1.00368	1 1
543.5	-0.0167053 0.98461	0.997963 1.00367	1 1
544	-0.0166562 0.983709	0.997947 1.00366	1 1
544.5	-0.0165785 0.983815	0.997936 1.00364	1 1
545	-0.0165405 0.983929	0.997931 1.00362	1 1
545.5	-0.0165331 0.984664	0.997931 1.00364	1 1
546	-0.0165015 0.985219	0.997936 1.00364	1 1
546.5	-0.016567 0.985602	0.997947 1.00363	1 1
547	-0.0166551 0.985814	0.997963 1.00361	1 1
547.5	-0.016716 0.985857	0.997978 1.00359	1 1
548	-0.0167476 0.985732	0.997961 1.00356	1 1
548.5	-0.0167497 0.98543	0.997949 1.00355	1 1
549	-0.0167216 0.984937	0.997942 1.00356	1 1
549.5	-0.0166856 0.984875	0.99794 1.00356	1 1
550	-0.01673 0.985345	0.997944 1.00355	1 1
550.5	-0.0167474 0.985622	0.997953 1.00354	1 1
551	-0.016738 0.985725	0.997967 1.00351	1 1
551.5	-0.0167031 0.98566	0.997986 1.00348	1 1
552	-0.016639 0.985426	0.998 1.00344	1 1
552.5	-0.0166051 0.985035	0.997983 1.00338	1 1
553	-0.016642 0.984488	0.99797 1.00335	1 1
553.5	-0.0166525 0.983744	0.997964 1.00334	1 1
554	-0.0166436 0.98355	0.997962 1.00331	1 1
554.5	-0.0167268 0.983658	0.997965 1.00328	1 1
555	-0.0167863 0.984488	0.997974 1.00324	1 1
555.5	-0.0168204 0.985139	0.997987 1.00319	1 1
556	-0.016827 0.985595	0.998005 1.00313	1 1
556.5	-0.0168058 0.985892	0.99802 1.00307	1 1
557	-0.0167551 0.986026	0.998002 1.003	1 1
557.5	-0.016675 0.986	0.997988 1.00293	1 1
558	-0.0167273 0.985805	0.99798 1.00285	1 1
558.5	-0.0167505 0.985423	0.997977 1.00276	1 1
559	-0.0167447 0.98484	0.99798 1.00272	1 1
559.5	-0.0167101 0.984672	0.997987 1.00269	1 1
560	-0.0167105 0.985156	0.998 1.00266	1 1
560.5	-0.0167448 0.985434	0.998017 1.00263	1 1
561	-0.016752 0.985549	0.998037 1.00259	1 1
561.5	-0.0167289 0.98548	0.998025 1.00255	1 1
562	-0.0167008 0.985256	0.998009 1.00249	1 1
562.5	-0.0167797 0.984878	0.997998 1.00243	1 1
563	-0.0168326 0.984349	0.997991 1.00237	1 1
563.5	-0.0168567 0.983626	0.99799 1.00236	1 1
564	-0.0168532 0.983024	0.997994 1.00237	1 1
564.5	-0.0168232 0.983561	0.998003 1.00237	1 1
565	-0.0167652 0.984331	0.998017 1.00236	1 1
565.5	-0.0166755 0.984906	0.998034 1.00235	1 1
566	-0.0167041 0.985297	0.998052 1.00233	1 1
566.5	-0.0167424 0.985528	0.998044 1.00234	1 1
567	-0.0167564 0.9856	0.998028 1.00235	1 1
567.5	-0.0167448 0.985516	0.998016 1.00235	1 1
568	-0.0167598 0.985239	0.998008 1.00234	1 1
568.5	-0.0167778 0.984779	0.998006 1.00233	1 1
569	-0.0167667 0.984484	0.998009 1.00232	1 1
569.5	-0.0167254 0.985118	0.998016 1.00233	1 1
570	-0.0166997 0.985571	0.998029 1.00233	1 1
570.5	-0.0167788 0.985843	0.998039 1.00233	1 1
571	-0.0168338 0.985949	0.998054 1.00232	1 1
571.5	-0.0168623 0.985894	0.998073 1.00231	1 1
572	-0.0168625 0.985686	0.998055 1.0023	1 1
572.5	-0.016834 0.985311	0.99804 1.00231	1 1
573	-0.0167761 0.984776	0.99803 1.00231	1 1
573.5	-0.0166878 0.984062	0.998025 1.0023	1 1
574	-0.0166755 0.984434	0.998024 1.00229	1 1
574.5	-0.0167338 0.984814	0.998029 1.00227	1 1
575	-0.0167669 0.985031	0.998036 1.00227	1 1
575.5	-0.0167723 0.985066	0.99804 1.00227	1 1
576	-0.0167549 0.984922	0.99805 1.00228	1 1
576.5	-0.0167553 0.984644	0.998064 1.00229	1 1
577	-0.0167243 0.984221	0.998083 1.00229	1 1
577.5	-0.0166659 0.983616	0.998075 1.00229	1 1
578	-0.0166726 0.982811	0.998061 1.00228	1 1
578.5	-0.0167531 0.983056	0.998051 1.00228	1 1
579	-0.0168108 0.983787	0.998046 1.00229	1 1
579.5	-0.0168432 0.984338	0.998045 1.0023	1 1
580	-0.0168475 0.984694	0.998048 1.0023	1 1
580.5	-0.0168225 0.984859	0.998045 1.00229	1 1
581	-0.0167678 0.984879	0.998047 1.00228	1 1
581.5	-0.0166845 0.984757	0.998054 1.00229	1 1
582	-0.0166371 0.984462	0.998065 1.00229	1 1
582.5	-0.0167132 0.983986	0.998082 1.00229	1 1
583	-0.0167642 0.984081	0.998096 1.00228	1 1
583.5	-0.016791 0.984732	0.998094 1.00227	1 1
584	-0.0167935 0.985202	0.998082 1.00227	1 1
584.5	-0.0167696 0.985467	0.998075 1.00227	1 1
585	-0.0167157 0.985586	0.998073 1.00226	1 1
585.5	-0.016632 0.985546	0.998065 1.00225	1 1
586	-0.016603 0.985357	0.998059 1.00224	1 1
586.5	-0.0166886 0.98499	0.998057 1.00224	1 1
587	-0.0167501 0.984448	0.99806 1.00224	1 1
587.5	-0.0167849 0.984442	0.998068 1.00226	1 1
588	-0.0167925 0.985042	0.998077 1.00227	1 1
588.5	-0.0167726 0.985451	0.998078 1.00227	1 1
589	-0.0167232 0.985704	0.998084 1.00227	1 1
589.5	-0.016643 0.985791	0.998095 1.00226	1 1
590	-0.0165816 0.985707	0.998104 1.00227	1 1
590.5	-0.0166742 0.985469	0.998106 1.00228	1 1
591	-0.0167406 0.985064	0.998098 1.00228	1 1
591.5	-0.0167821 0.984504	0.998088 1.00227	1 1
592	-0.0167977 0.984471	0.998082 1.00226	1 1
592.5	-0.0167865 0.985058	0.998081 1.00226	1 1
593	-0.0167471 0.985461	0.998084 1.00226	1 1
593.5	-0.0166793 0.985692	0.998082 1.00225	1 1
594	-0.0165805 0.985749	0.998078 1.00224	1 1
594.5	-0.0165819 0.985639	0.998078 1.00222	1 1
595	-0.0166371 0.985381	0.998083 1.00221	1 1
595.5	-0.0166664 0.98497	0.998093 1.00221	1 1
596	-0.0167011 0.984387	0.9981 1.00222	1 1
596.5	-0.0167168 0.98443	0.9981 1.00223	1 1
597	-0.0167059 0.984998	0.998105 1.00223	1 1
597.5	-0.0166668 0.9854	0.998114 1.00223	1 1
598	-0.0165992 0.985622	0.998124 1.00224	1 1
598.5	-0.016611 0.985663	0.998122 1.00225	1 1
599	-0.0166803 0.985548	0.998114 1.00225	1 1
599.5	-0.0167227 0.985286	0.998105 1.00225	1 1
600	-0.0167387 0.984861	0.998099 1.00224	1 1
