/*--------------------------------*- C++ -*----------------------------------*\
| =========                 |                                                 |
| \\      /  F ield         | OpenFOAM: The Open Source CFD Toolbox           |
|  \\    /   O peration     | Version:  dev                                   |
|   \\  /    A nd           | Web:      www.OpenFOAM.org                      |
|    \\/     M anipulation  |                                                 |
\*---------------------------------------------------------------------------*/
FoamFile
{
    version     2.0;
    format      ascii;
    class       vectorField;
    location    "0/polyMesh";
    object      points;
}
// * * * * * * * * * * * * * * * * * * * * * * * * * * * * * * * * * * * * * //


400
(
(2 0 0)
(1.99605 0.125581 0)
(1.98423 0.250666 0)
(1.96457 0.374763 0)
(1.93717 0.49738 0)
(1.90211 0.618034 0)
(1.85955 0.736249 0)
(1.80965 0.851559 0)
(1.75261 0.963507 0)
(1.68866 1.07165 0)
(1.61803 1.17557 0)
(1.54103 1.27485 0)
(1.45794 1.36909 0)
(1.36909 1.45794 0)
(1.27485 1.54103 0)
(1.17557 1.61803 0)
(1.07165 1.68866 0)
(0.963507 1.75261 0)
(0.851559 1.80965 0)
(0.736249 1.85955 0)
(0.618034 1.90211 0)
(0.49738 1.93717 0)
(0.374763 1.96457 0)
(0.250666 1.98423 0)
(0.125581 1.99605 0)
(1.22465e-16 2 0)
(-0.125581 1.99605 0)
(-0.250666 1.98423 0)
(-0.374763 1.96457 0)
(-0.49738 1.93717 0)
(-0.618034 1.90211 0)
(-0.736249 1.85955 0)
(-0.851559 1.80965 0)
(-0.963507 1.75261 0)
(-1.07165 1.68866 0)
(-1.17557 1.61803 0)
(-1.27485 1.54103 0)
(-1.36909 1.45794 0)
(-1.45794 1.36909 0)
(-1.54103 1.27485 0)
(-1.61803 1.17557 0)
(-1.68866 1.07165 0)
(-1.75261 0.963507 0)
(-1.80965 0.851559 0)
(-1.85955 0.736249 0)
(-1.90211 0.618034 0)
(-1.93717 0.49738 0)
(-1.96457 0.374763 0)
(-1.98423 0.250666 0)
(-1.99605 0.125581 0)
(-2 2.44929e-16 0)
(-1.99605 -0.125581 0)
(-1.98423 -0.250666 0)
(-1.96457 -0.374763 0)
(-1.93717 -0.49738 0)
(-1.90211 -0.618034 0)
(-1.85955 -0.736249 0)
(-1.80965 -0.851559 0)
(-1.75261 -0.963507 0)
(-1.68866 -1.07165 0)
(-1.61803 -1.17557 0)
(-1.54103 -1.27485 0)
(-1.45794 -1.36909 0)
(-1.36909 -1.45794 0)
(-1.27485 -1.54103 0)
(-1.17557 -1.61803 0)
(-1.07165 -1.68866 0)
(-0.963507 -1.75261 0)
(-0.851559 -1.80965 0)
(-0.736249 -1.85955 0)
(-0.618034 -1.90211 0)
(-0.49738 -1.93717 0)
(-0.374763 -1.96457 0)
(-0.250666 -1.98423 0)
(-0.125581 -1.99605 0)
(-3.67394e-16 -2 0)
(0.125581 -1.99605 0)
(0.250666 -1.98423 0)
(0.374763 -1.96457 0)
(0.49738 -1.93717 0)
(0.618034 -1.90211 0)
(0.736249 -1.85955 0)
(0.851559 -1.80965 0)
(0.963507 -1.75261 0)
(1.07165 -1.68866 0)
(1.17557 -1.61803 0)
(1.27485 -1.54103 0)
(1.36909 -1.45794 0)
(1.45794 -1.36909 0)
(1.54103 -1.27485 0)
(1.61803 -1.17557 0)
(1.68866 -1.07165 0)
(1.75261 -0.963507 0)
(1.80965 -0.851559 0)
(1.85955 -0.736249 0)
(1.90211 -0.618034 0)
(1.93717 -0.49738 0)
(1.96457 -0.374763 0)
(1.98423 -0.250666 0)
(1.99605 -0.125581 0)
(1.9 0 0)
(1.89625 0.119302 0)
(1.88502 0.238133 0)
(1.86635 0.356024 0)
(1.84031 0.472511 0)
(1.80701 0.587132 0)
(1.76658 0.699437 0)
(1.71917 0.808981 0)
(1.66498 0.915332 0)
(1.60422 1.01807 0)
(1.53713 1.11679 0)
(1.46398 1.21111 0)
(1.38504 1.30064 0)
(1.30064 1.38504 0)
(1.21111 1.46398 0)
(1.11679 1.53713 0)
(1.01807 1.60422 0)
(0.915332 1.66498 0)
(0.808981 1.71917 0)
(0.699437 1.76658 0)
(0.587132 1.80701 0)
(0.472511 1.84031 0)
(0.356024 1.86635 0)
(0.238133 1.88502 0)
(0.119302 1.89625 0)
(1.16341e-16 1.9 0)
(-0.119302 1.89625 0)
(-0.238133 1.88502 0)
(-0.356024 1.86635 0)
(-0.472511 1.84031 0)
(-0.587132 1.80701 0)
(-0.699437 1.76658 0)
(-0.808981 1.71917 0)
(-0.915332 1.66498 0)
(-1.01807 1.60422 0)
(-1.11679 1.53713 0)
(-1.21111 1.46398 0)
(-1.30064 1.38504 0)
(-1.38504 1.30064 0)
(-1.46398 1.21111 0)
(-1.53713 1.11679 0)
(-1.60422 1.01807 0)
(-1.66498 0.915332 0)
(-1.71917 0.808981 0)
(-1.76658 0.699437 0)
(-1.80701 0.587132 0)
(-1.84031 0.472511 0)
(-1.86635 0.356024 0)
(-1.88502 0.238133 0)
(-1.89625 0.119302 0)
(-1.9 2.32683e-16 0)
(-1.89625 -0.119302 0)
(-1.88502 -0.238133 0)
(-1.86635 -0.356024 0)
(-1.84031 -0.472511 0)
(-1.80701 -0.587132 0)
(-1.76658 -0.699437 0)
(-1.71917 -0.808981 0)
(-1.66498 -0.915332 0)
(-1.60422 -1.01807 0)
(-1.53713 -1.11679 0)
(-1.46398 -1.21111 0)
(-1.38504 -1.30064 0)
(-1.30064 -1.38504 0)
(-1.21111 -1.46398 0)
(-1.11679 -1.53713 0)
(-1.01807 -1.60422 0)
(-0.915332 -1.66498 0)
(-0.808981 -1.71917 0)
(-0.699437 -1.76658 0)
(-0.587132 -1.80701 0)
(-0.472511 -1.84031 0)
(-0.356024 -1.86635 0)
(-0.238133 -1.88502 0)
(-0.119302 -1.89625 0)
(-3.49024e-16 -1.9 0)
(0.119302 -1.89625 0)
(0.238133 -1.88502 0)
(0.356024 -1.86635 0)
(0.472511 -1.84031 0)
(0.587132 -1.80701 0)
(0.699437 -1.76658 0)
(0.808981 -1.71917 0)
(0.915332 -1.66498 0)
(1.01807 -1.60422 0)
(1.11679 -1.53713 0)
(1.21111 -1.46398 0)
(1.30064 -1.38504 0)
(1.38504 -1.30064 0)
(1.46398 -1.21111 0)
(1.53713 -1.11679 0)
(1.60422 -1.01807 0)
(1.66498 -0.915332 0)
(1.71917 -0.808981 0)
(1.76658 -0.699437 0)
(1.80701 -0.587132 0)
(1.84031 -0.472511 0)
(1.86635 -0.356024 0)
(1.88502 -0.238133 0)
(1.89625 -0.119302 0)
(2 0 1)
(1.99605 0.125581 1)
(1.98423 0.250666 1)
(1.96457 0.374763 1)
(1.93717 0.49738 1)
(1.90211 0.618034 1)
(1.85955 0.736249 1)
(1.80965 0.851559 1)
(1.75261 0.963507 1)
(1.68866 1.07165 1)
(1.61803 1.17557 1)
(1.54103 1.27485 1)
(1.45794 1.36909 1)
(1.36909 1.45794 1)
(1.27485 1.54103 1)
(1.17557 1.61803 1)
(1.07165 1.68866 1)
(0.963507 1.75261 1)
(0.851559 1.80965 1)
(0.736249 1.85955 1)
(0.618034 1.90211 1)
(0.49738 1.93717 1)
(0.374763 1.96457 1)
(0.250666 1.98423 1)
(0.125581 1.99605 1)
(1.22465e-16 2 1)
(-0.125581 1.99605 1)
(-0.250666 1.98423 1)
(-0.374763 1.96457 1)
(-0.49738 1.93717 1)
(-0.618034 1.90211 1)
(-0.736249 1.85955 1)
(-0.851559 1.80965 1)
(-0.963507 1.75261 1)
(-1.07165 1.68866 1)
(-1.17557 1.61803 1)
(-1.27485 1.54103 1)
(-1.36909 1.45794 1)
(-1.45794 1.36909 1)
(-1.54103 1.27485 1)
(-1.61803 1.17557 1)
(-1.68866 1.07165 1)
(-1.75261 0.963507 1)
(-1.80965 0.851559 1)
(-1.85955 0.736249 1)
(-1.90211 0.618034 1)
(-1.93717 0.49738 1)
(-1.96457 0.374763 1)
(-1.98423 0.250666 1)
(-1.99605 0.125581 1)
(-2 2.44929e-16 1)
(-1.99605 -0.125581 1)
(-1.98423 -0.250666 1)
(-1.96457 -0.374763 1)
(-1.93717 -0.49738 1)
(-1.90211 -0.618034 1)
(-1.85955 -0.736249 1)
(-1.80965 -0.851559 1)
(-1.75261 -0.963507 1)
(-1.68866 -1.07165 1)
(-1.61803 -1.17557 1)
(-1.54103 -1.27485 1)
(-1.45794 -1.36909 1)
(-1.36909 -1.45794 1)
(-1.27485 -1.54103 1)
(-1.17557 -1.61803 1)
(-1.07165 -1.68866 1)
(-0.963507 -1.75261 1)
(-0.851559 -1.80965 1)
(-0.736249 -1.85955 1)
(-0.618034 -1.90211 1)
(-0.49738 -1.93717 1)
(-0.374763 -1.96457 1)
(-0.250666 -1.98423 1)
(-0.125581 -1.99605 1)
(-3.67394e-16 -2 1)
(0.125581 -1.99605 1)
(0.250666 -1.98423 1)
(0.374763 -1.96457 1)
(0.49738 -1.93717 1)
(0.618034 -1.90211 1)
(0.736249 -1.85955 1)
(0.851559 -1.80965 1)
(0.963507 -1.75261 1)
(1.07165 -1.68866 1)
(1.17557 -1.61803 1)
(1.27485 -1.54103 1)
(1.36909 -1.45794 1)
(1.45794 -1.36909 1)
(1.54103 -1.27485 1)
(1.61803 -1.17557 1)
(1.68866 -1.07165 1)
(1.75261 -0.963507 1)
(1.80965 -0.851559 1)
(1.85955 -0.736249 1)
(1.90211 -0.618034 1)
(1.93717 -0.49738 1)
(1.96457 -0.374763 1)
(1.98423 -0.250666 1)
(1.99605 -0.125581 1)
(1.9 0 1)
(1.89625 0.119302 1)
(1.88502 0.238133 1)
(1.86635 0.356024 1)
(1.84031 0.472511 1)
(1.80701 0.587132 1)
(1.76658 0.699437 1)
(1.71917 0.808981 1)
(1.66498 0.915332 1)
(1.60422 1.01807 1)
(1.53713 1.11679 1)
(1.46398 1.21111 1)
(1.38504 1.30064 1)
(1.30064 1.38504 1)
(1.21111 1.46398 1)
(1.11679 1.53713 1)
(1.01807 1.60422 1)
(0.915332 1.66498 1)
(0.808981 1.71917 1)
(0.699437 1.76658 1)
(0.587132 1.80701 1)
(0.472511 1.84031 1)
(0.356024 1.86635 1)
(0.238133 1.88502 1)
(0.119302 1.89625 1)
(1.16341e-16 1.9 1)
(-0.119302 1.89625 1)
(-0.238133 1.88502 1)
(-0.356024 1.86635 1)
(-0.472511 1.84031 1)
(-0.587132 1.80701 1)
(-0.699437 1.76658 1)
(-0.808981 1.71917 1)
(-0.915332 1.66498 1)
(-1.01807 1.60422 1)
(-1.11679 1.53713 1)
(-1.21111 1.46398 1)
(-1.30064 1.38504 1)
(-1.38504 1.30064 1)
(-1.46398 1.21111 1)
(-1.53713 1.11679 1)
(-1.60422 1.01807 1)
(-1.66498 0.915332 1)
(-1.71917 0.808981 1)
(-1.76658 0.699437 1)
(-1.80701 0.587132 1)
(-1.84031 0.472511 1)
(-1.86635 0.356024 1)
(-1.88502 0.238133 1)
(-1.89625 0.119302 1)
(-1.9 2.32683e-16 1)
(-1.89625 -0.119302 1)
(-1.88502 -0.238133 1)
(-1.86635 -0.356024 1)
(-1.84031 -0.472511 1)
(-1.80701 -0.587132 1)
(-1.76658 -0.699437 1)
(-1.71917 -0.808981 1)
(-1.66498 -0.915332 1)
(-1.60422 -1.01807 1)
(-1.53713 -1.11679 1)
(-1.46398 -1.21111 1)
(-1.38504 -1.30064 1)
(-1.30064 -1.38504 1)
(-1.21111 -1.46398 1)
(-1.11679 -1.53713 1)
(-1.01807 -1.60422 1)
(-0.915332 -1.66498 1)
(-0.808981 -1.71917 1)
(-0.699437 -1.76658 1)
(-0.587132 -1.80701 1)
(-0.472511 -1.84031 1)
(-0.356024 -1.86635 1)
(-0.238133 -1.88502 1)
(-0.119302 -1.89625 1)
(-3.49024e-16 -1.9 1)
(0.119302 -1.89625 1)
(0.238133 -1.88502 1)
(0.356024 -1.86635 1)
(0.472511 -1.84031 1)
(0.587132 -1.80701 1)
(0.699437 -1.76658 1)
(0.808981 -1.71917 1)
(0.915332 -1.66498 1)
(1.01807 -1.60422 1)
(1.11679 -1.53713 1)
(1.21111 -1.46398 1)
(1.30064 -1.38504 1)
(1.38504 -1.30064 1)
(1.46398 -1.21111 1)
(1.53713 -1.11679 1)
(1.60422 -1.01807 1)
(1.66498 -0.915332 1)
(1.71917 -0.808981 1)
(1.76658 -0.699437 1)
(1.80701 -0.587132 1)
(1.84031 -0.472511 1)
(1.86635 -0.356024 1)
(1.88502 -0.238133 1)
(1.89625 -0.119302 1)
)


// ************************************************************************* //
