#time Tmin Tmax uniTmin uniTmax Amin Amax
0.5	-0.000607659 0.998316	1 1	0.999996 1
1	-0.000642112 0.998461	1 1	0.999871 1.00009
1.5	-0.000770177 0.998625	1 1	0.999832 1.00012
2	-0.000846778 0.998721	1 1	0.999732 1.00018
2.5	-0.000994864 0.998502	1 1	0.999665 1.00022
3	-0.00110258 0.998234	1 1	0.999596 1.00027
3.5	-0.00117619 0.997626	1 1	0.999548 1.00032
4	-0.00125738 0.997245	1 1	0.999495 1.00036
4.5	-0.00131711 0.998013	1 1	0.999454 1.0004
5	-0.00141807 0.998512	1 1	0.999417 1.00045
5.5	-0.00152959 0.998861	1 1	0.999386 1.00048
6	-0.00162416 0.999022	1 1	0.999356 1.00053
6.5	-0.00168059 0.999015	1 1	0.999327 1.00057
7	-0.00172931 0.998894	1 1	0.999299 1.00062
7.5	-0.00173804 0.99855	1 1	0.999264 1.00066
8	-0.00177011 0.998047	1 1	0.999208 1.0007
8.5	-0.0019006 0.997796	1 1	0.999159 1.00073
9	-0.0020099 0.998541	1 1	0.999111 1.00076
9.5	-0.0020875 0.999046	1 1	0.999064 1.0008
10	-0.00214344 0.999369	1 1	0.999017 1.00082
10.5	-0.00216741 0.999512	1 1	0.998973 1.00085
11	-0.0021667 0.999475	1 1	0.998936 1.00089
11.5	-0.00217106 0.999339	1 1	0.998905 1.00092
12	-0.00224511 0.999033	1 1	0.998886 1.00095
12.5	-0.00237433 0.998513	1 1	0.998876 1.00097
13	-0.00246934 0.998385	1 1	0.99887 1.00099
13.5	-0.00252858 0.999081	1 1	0.998866 1.00102
14	-0.0025599 0.999544	1 1	0.998865 1.00107
14.5	-0.00255673 0.999817	1 1	0.998867 1.00111
15	-0.00254374 0.999894	1 1	0.998851 1.00116
15.5	-0.00253451 0.999838	1 1	0.998814 1.00121
16	-0.00264293 0.999671	1 1	0.998782 1.00125
16.5	-0.00276392 0.999303	1 1	0.998759 1.00128
17	-0.00285266 0.998729	1 1	0.998743 1.00131
17.5	-0.00291042 0.99861	1 1	0.998734 1.00135
18	-0.00292506 0.999206	1 1	0.998731 1.00139
18.5	-0.00291115 0.999628	1 1	0.998701 1.00143
19	-0.00287728 0.999855	1 1	0.99865 1.00146
19.5	-0.00285556 0.999903	1 1	0.998607 1.0015
20	-0.00295363 0.999793	1 1	0.998573 1.00153
20.5	-0.00308159 0.999523	1 1	0.998548 1.00156
21	-0.00318163 0.999069	1 1	0.998532 1.00158
21.5	-0.00324661 0.99845	1 1	0.998515 1.00161
22	-0.00327002 0.998195	1 1	0.998499 1.00163
22.5	-0.00324625 0.998719	1 1	0.998487 1.00166
23	-0.00319979 0.999062	1 1	0.998477 1.00167
23.5	-0.00315585 0.999212	1 1	0.99847 1.00169
24	-0.00319144 0.999178	1 1	0.998465 1.00171
24.5	-0.00333899 0.998986	1 1	0.998466 1.00173
25	-0.0034546 0.998642	1 1	0.99845 1.00174
25.5	-0.0035403 0.998135	1 1	0.998398 1.00175
26	-0.00358608 0.997458	1 1	0.998353 1.00176
26.5	-0.00358829 0.996882	1 1	0.998321 1.00177
27	-0.00355163 0.997268	1 1	0.998293 1.00178
27.5	-0.00351513 0.997824	1 1	0.998273 1.00181
28	-0.00348418 0.998351	1 1	0.998261 1.00184
28.5	-0.00350744 0.998704	1 1	0.998253 1.00188
29	-0.00365353 0.998868	1 1	0.998226 1.00193
29.5	-0.00376574 0.998918	1 1	0.998204 1.00198
30	-0.00384439 0.998762	1 1	0.998192 1.00201
30.5	-0.00388823 0.998394	1 1	0.998184 1.00204
31	-0.00389663 0.997832	1 1	0.99818 1.00207
31.5	-0.00387498 0.998561	1 1	0.998175 1.0021
32	-0.00384418 0.99913	1 1	0.998173 1.00215
32.5	-0.00381991 0.999537	1 1	0.998145 1.0022
33	-0.0037902 0.999742	1 1	0.998112 1.00224
33.5	-0.00391947 0.999764	1 1	0.998079 1.00228
34	-0.00402162 0.999644	1 1	0.998046 1.00233
34.5	-0.00410605 0.999341	1 1	0.998014 1.00237
35	-0.00416121 0.998849	1 1	0.997981 1.00241
35.5	-0.00417564 0.998209	1 1	0.997946 1.00246
36	-0.00417938 0.998038	1 1	0.997912 1.00251
36.5	-0.00416535 0.998499	1 1	0.997883 1.00255
37	-0.00412829 0.99873	1 1	0.997851 1.00259
37.5	-0.00411752 0.998791	1 1	0.997816 1.00263
38	-0.0041201 0.998675	1 1	0.997784 1.00268
38.5	-0.00423628 0.9984	1 1	0.997747 1.00272
39	-0.00432104 0.997979	1 1	0.99771 1.00277
39.5	-0.0043881 0.997469	1 1	0.997677 1.00282
40	-0.00442945 0.997265	1 1	0.997647 1.00285
40.5	-0.00444328 0.996874	1 1	0.99762 1.00289
41	-0.00444488 0.997809	1 1	0.997591 1.00292
41.5	-0.00443716 0.998443	1 1	0.997556 1.00297
42	-0.00440852 0.998992	1 1	0.997522 1.00301
42.5	-0.00440237 0.999352	1 1	0.997489 1.00305
43	-0.00438317 0.999515	1 1	0.997455 1.0031
43.5	-0.00448736 0.999504	1 1	0.997424 1.00313
44	-0.00456418 0.999339	1 1	0.997392 1.00317
44.5	-0.00462467 0.998982	1 1	0.99736 1.00322
45	-0.00466549 0.998457	1 1	0.997324 1.00327
45.5	-0.00468283 0.997807	1 1	0.99729 1.00331
46	-0.00469136 0.998306	1 1	0.997258 1.00335
46.5	-0.00468866 0.998621	1 1	0.997228 1.00339
47	-0.00467615 0.998719	1 1	0.997196 1.00345
47.5	-0.00466314 0.998633	1 1	0.997163 1.00351
48	-0.00464739 0.998396	1 1	0.997128 1.00357
48.5	-0.00468586 0.998015	1 1	0.997094 1.00363
49	-0.00476152 0.997634	1 1	0.997064 1.00368
49.5	-0.00481912 0.997633	1 1	0.997037 1.00373
50	-0.00486789 0.997439	1 1	0.997012 1.00377
50.5	-0.0048842 0.997242	1 1	0.996986 1.00382
51	-0.0049127 0.998008	1 1	0.996955 1.00388
51.5	-0.0049004 0.99869	1 1	0.996929 1.00393
52	-0.00491918 0.999166	1 1	0.996898 1.00397
52.5	-0.00489306 0.999428	1 1	0.996858 1.00401
53	-0.00490181 0.999497	1 1	0.996817 1.00406
53.5	-0.00488219 0.999413	1 1	0.996777 1.00411
54	-0.00489772 0.999161	1 1	0.996734 1.00415
54.5	-0.00495847 0.998738	1 1	0.996686 1.0042
55	-0.00502502 0.998099	1 1	0.996641 1.00424
55.5	-0.00505978 0.997276	1 1	0.996598 1.00429
56	-0.00508909 0.997149	1 1	0.996558 1.00433
56.5	-0.00510638 0.997272	1 1	0.996521 1.00438
57	-0.00510819 0.997391	1 1	0.996478 1.00443
57.5	-0.00512284 0.99802	1 1	0.996436 1.00448
58	-0.00509472 0.998497	1 1	0.9964 1.00452
58.5	-0.00511661 0.998796	1 1	0.996366 1.00455
59	-0.0051011 0.998924	1 1	0.99633 1.00459
59.5	-0.00508187 0.998898	1 1	0.996287 1.00464
60	-0.00509948 0.998685	1 1	0.996248 1.0047
60.5	-0.005166 0.998309	1 1	0.996204 1.00477
61	-0.00520077 0.997714	1 1	0.99616 1.00484
61.5	-0.00524145 0.998107	1 1	0.996116 1.00491
62	-0.00526399 0.998413	1 1	0.996074 1.00497
62.5	-0.00527274 0.99853	1 1	0.996031 1.00502
63	-0.00529541 0.998451	1 1	0.99599 1.00508
63.5	-0.00527856 0.998184	1 1	0.995947 1.00514
64	-0.00529956 0.997721	1 1	0.995911 1.00519
64.5	-0.00529664 0.997832	1 1	0.995878 1.00524
65	-0.00526708 0.998029	1 1	0.995846 1.00528
65.5	-0.00529257 0.998043	1 1	0.995813 1.00532
66	-0.00527884 0.997873	1 1	0.995781 1.00536
66.5	-0.00529186 0.99755	1 1	0.995748 1.00541
67	-0.00533703 0.99795	1 1	0.995718 1.00547
67.5	-0.00537312 0.998494	1 1	0.99569 1.00552
68	-0.00537812 0.998824	1 1	0.995661 1.00557
68.5	-0.00541886 0.998939	1 1	0.995631 1.00562
69	-0.00542608 0.998895	1 1	0.995604 1.00567
69.5	-0.00542823 0.998657	1 1	0.995578 1.00571
70	-0.00545112 0.998231	1 1	0.995552 1.00576
70.5	-0.00543659 0.997584	1 1	0.99553 1.00579
71	-0.00544104 0.997326	1 1	0.995501 1.00584
71.5	-0.00545574 0.997455	1 1	0.995448 1.00592
72	-0.00543301 0.997359	1 1	0.995397 1.006
72.5	-0.00543015 0.997114	1 1	0.995348 1.00607
73	-0.0054496 0.997868	1 1	0.9953 1.00614
73.5	-0.00543321 0.998437	1 1	0.995252 1.00621
74	-0.00545959 0.998799	1 1	0.995204 1.00627
74.5	-0.0054971 0.998947	1 1	0.995152 1.00633
75	-0.00550473 0.998935	1 1	0.995099 1.0064
75.5	-0.0055236 0.998745	1 1	0.995048 1.00646
76	-0.00554747 0.99835	1 1	0.995 1.00652
76.5	-0.00553741 0.997737	1 1	0.994958 1.00657
77	-0.00555069 0.99712	1 1	0.994915 1.00662
77.5	-0.00556917 0.99734	1 1	0.994873 1.00668
78	-0.00555401 0.997383	1 1	0.994832 1.00675
78.5	-0.00555246 0.997221	1 1	0.994795 1.00681
79	-0.00557837 0.997503	1 1	0.99476 1.00688
79.5	-0.00556898 0.9981	1 1	0.994728 1.00694
80	-0.00553026 0.998497	1 1	0.994694 1.00701
80.5	-0.00557141 0.998698	1 1	0.994662 1.00707
81	-0.00557727 0.998705	1 1	0.99463 1.00713
81.5	-0.00554754 0.998566	1 1	0.994605 1.00719
82	-0.00556578 0.998193	1 1	0.994584 1.00725
82.5	-0.0055742 0.997621	1 1	0.994564 1.00734
83	-0.00557056 0.997448	1 1	0.994548 1.00745
83.5	-0.00560708 0.997747	1 1	0.994532 1.00757
84	-0.00561343 0.997878	1 1	0.994523 1.00767
84.5	-0.00559033 0.997828	1 1	0.994516 1.00779
85	-0.00562596 0.997601	1 1	0.994516 1.0079
85.5	-0.00564115 0.997316	1 1	0.994521 1.00801
86	-0.00562441 0.997762	1 1	0.994465 1.00813
86.5	-0.0056253 0.998016	1 1	0.994404 1.00824
87	-0.00565459 0.998044	1 1	0.994347 1.00836
87.5	-0.00565327 0.99792	1 1	0.994296 1.00848
88	-0.00561793 0.997583	1 1	0.994255 1.00858
88.5	-0.00564052 0.997338	1 1	0.994216 1.00869
89	-0.00566348 0.997912	1 1	0.994171 1.00882
89.5	-0.00565393 0.998292	1 1	0.99413 1.00893
90	-0.00561165 0.998496	1 1	0.99409 1.00904
90.5	-0.00563758 0.998535	1 1	0.994051 1.00916
91	-0.00566258 0.99844	1 1	0.994012 1.00927
91.5	-0.00565435 0.998181	1 1	0.993981 1.00938
92	-0.00561519 0.997754	1 1	0.993959 1.00949
92.5	-0.00562162 0.99719	1 1	0.99394 1.00962
93	-0.0056542 0.996487	1 1	0.99393 1.00973
93.5	-0.00565306 0.996454	1 1	0.993932 1.00991
94	-0.00564725 0.996211	1 1	0.993943 1.0101
94.5	-0.00562793 0.997063	1 1	0.993965 1.0103
95	-0.00563465 0.997736	1 1	0.994 1.01049
95.5	-0.00566532 0.998221	1 1	0.99405 1.01068
96	-0.00566939 0.998555	1 1	0.994079 1.01087
96.5	-0.00564511 0.998759	1 1	0.994022 1.01101
97	-0.00564325 0.998832	1 1	0.993974 1.01115
97.5	-0.00567649 0.998748	1 1	0.993927 1.01128
98	-0.00568293 0.998509	1 1	0.993884 1.01139
98.5	-0.00566175 0.998143	1 1	0.993839 1.01151
99	-0.00563237 0.997628	1 1	0.993798 1.01162
99.5	-0.00567555 0.996988	1 1	0.993769 1.0117
100	-0.00569027 0.996797	1 1	0.993763 1.01177
100.5	-0.00567622 0.997102	1 1	0.993775 1.01183
101	-0.00563215 0.997275	1 1	0.993807 1.01188
101.5	-0.00565918 0.997274	1 1	0.993847 1.01193
102	-0.00568834 0.997123	1 1	0.993907 1.01197
102.5	-0.00569021 0.997123	1 1	0.993992 1.01199
103	-0.00566357 0.997426	1 1	0.994076 1.01201
103.5	-0.00562151 0.997591	1 1	0.994024 1.01201
104	-0.00566996 0.997675	1 1	0.993964 1.012
104.5	-0.0056933 0.997644	1 1	0.993917 1.01198
105	-0.00568902 0.997464	1 1	0.993888 1.01195
105.5	-0.00565634 0.997198	1 1	0.993867 1.0119
106	-0.00562901 0.996817	1 1	0.993865 1.01184
106.5	-0.0056744 0.997175	1 1	0.993886 1.01177
107	-0.00569513 0.997664	1 1	0.993927 1.01172
107.5	-0.00569086 0.997998	1 1	0.993951 1.01171
108	-0.00566089 0.998283	1 1	0.993978 1.01168
108.5	-0.00561974 0.998506	1 1	0.994013 1.01165
109	-0.00566864 0.998625	1 1	0.994029 1.01159
109.5	-0.00569417 0.998657	1 1	0.99405 1.01153
110	-0.00569452 0.998598	1 1	0.994078 1.01146
110.5	-0.0056684 0.998422	1 1	0.994022 1.0114
111	-0.0056211 0.99818	1 1	0.993971 1.01137
111.5	-0.00565874 0.997775	1 1	0.993929 1.01134
112	-0.0056898 0.997272	1 1	0.993898 1.01129
112.5	-0.00569779 0.996644	1 1	0.993874 1.01124
113	-0.00568155 0.996434	1 1	0.99385 1.01117
113.5	-0.00564052 0.996721	1 1	0.993829 1.0111
114	-0.00563783 0.996929	1 1	0.993828 1.01103
114.5	-0.00567859 0.997012	1 1	0.993839 1.011
115	-0.00569863 0.996978	1 1	0.993859 1.01096
115.5	-0.00569512 0.997011	1 1	0.993878 1.01092
116	-0.00566534 0.99729	1 1	0.993894 1.01087
116.5	-0.00564542 0.997392	1 1	0.993921 1.01082
117	-0.00565537 0.997324	1 1	0.99395 1.01077
117.5	-0.00568765 0.997133	1 1	0.993983 1.01071
118	-0.00569945 0.996804	1 1	0.994017 1.01065
118.5	-0.00568879 0.996747	1 1	0.994049 1.01063
119	-0.00565659 0.997482	1 1	0.994082 1.01061
119.5	-0.0056576 0.998034	1 1	0.994116 1.01058
120	-0.00564735 0.998402	1 1	0.994155 1.01054
120.5	-0.00567955 0.99857	1 1	0.994201 1.0105
121	-0.00569246 0.998539	1 1	0.994253 1.01044
121.5	-0.00568604 0.998325	1 1	0.994313 1.01038
122	-0.00565723 0.997874	1 1	0.99437 1.01033
122.5	-0.00566765 0.997178	1 1	0.994426 1.01031
123	-0.0056622 0.997573	1 1	0.994455 1.01028
123.5	-0.00565285 0.997976	1 1	0.994481 1.01025
124	-0.00567528 0.998188	1 1	0.994509 1.01022
124.5	-0.0056788 0.998177	1 1	0.994539 1.01017
125	-0.00566266 0.997971	1 1	0.994578 1.01012
125.5	-0.00568558 0.997534	1 1	0.994621 1.01007
126	-0.00568864 0.996845	1 1	0.994662 1.01002
126.5	-0.00572113 0.996628	1 1	0.994701 1.00998
127	-0.00573526 0.996962	1 1	0.994741 1.00996
127.5	-0.00571836 0.997064	1 1	0.994782 1.00993
128	-0.00568676 0.997314	1 1	0.994831 1.0099
128.5	-0.00571043 0.997249	1 1	0.994858 1.00986
129	-0.0057494 0.996925	1 1	0.994887 1.00982
129.5	-0.00581254 0.997473	1 1	0.994914 1.00977
130	-0.00584328 0.998085	1 1	0.994942 1.00972
130.5	-0.00584024 0.998386	1 1	0.994973 1.00967
131	-0.00584056 0.998386	1 1	0.99501 1.00965
131.5	-0.0058705 0.998038	1 1	0.995046 1.00963
132	-0.00587738 0.99841	1 1	0.995089 1.0096
132.5	-0.00587328 0.998837	1 1	0.995128 1.00958
133	-0.00591153 0.998913	1 1	0.995169 1.00955
133.5	-0.00591455 0.998646	1 1	0.995192 1.00951
134	-0.00597266 0.998513	1 1	0.99522 1.00947
134.5	-0.00602181 0.998925	1 1	0.995253 1.00943
135	-0.00603943 0.998954	1 1	0.995278 1.00939
135.5	-0.00602265 0.998573	1 1	0.995305 1.00938
136	-0.00598487 0.998675	1 1	0.995337 1.00936
136.5	-0.00602921 0.998856	1 1	0.995373 1.00934
137	-0.00608284 0.998635	1 1	0.995415 1.00931
137.5	-0.00613022 0.998409	1 1	0.995464 1.00928
138	-0.00614905 0.998697	1 1	0.995487 1.00925
138.5	-0.00617629 0.998558	1 1	0.99551 1.00921
139	-0.00621422 0.99834	1 1	0.995539 1.00916
139.5	-0.00623365 0.998667	1 1	0.995568 1.00914
140	-0.00627869 0.99854	1 1	0.995598 1.00913
140.5	-0.00634525 0.998436	1 1	0.995627 1.00911
141	-0.00643326 0.998718	1 1	0.995662 1.00908
141.5	-0.0064891 0.998554	1 1	0.995701 1.00905
142	-0.0065149 0.998533	1 1	0.995741 1.00902
142.5	-0.00659595 0.998836	1 1	0.995767 1.00898
143	-0.00665749 0.998702	1 1	0.995788 1.00894
143.5	-0.00668275 0.998649	1 1	0.995814 1.00891
144	-0.00667221 0.999033	1 1	0.995844 1.0089
144.5	-0.00675277 0.998991	1 1	0.995878 1.00888
145	-0.00680904 0.998528	1 1	0.995907 1.00886
145.5	-0.00686074 0.999069	1 1	0.995938 1.00883
146	-0.00693614 0.999203	1 1	0.995973 1.0088
146.5	-0.0069802 0.998928	1 1	0.996009 1.00877
147	-0.00705377 0.998571	1 1	0.996033 1.00873
147.5	-0.00711764 0.999005	1 1	0.996056 1.00869
148	-0.00714957 0.999064	1 1	0.99608 1.00868
148.5	-0.00714804 0.998746	1 1	0.996107 1.00867
149	-0.00721444 0.998058	1 1	0.996139 1.00865
149.5	-0.00726197 0.998243	1 1	0.996172 1.00862
150	-0.00728195 0.998395	1 1	0.996202 1.0086
150.5	-0.00729197 0.998225	1 1	0.996237 1.00856
151	-0.00738841 0.997725	1 1	0.996261 1.00852
151.5	-0.00745321 0.996904	1 1	0.996285 1.00848
152	-0.0075353 0.997009	1 1	0.996309 1.00846
152.5	-0.007606 0.997565	1 1	0.996332 1.00844
153	-0.00764097 0.997844	1 1	0.996359 1.00843
153.5	-0.0076575 0.997829	1 1	0.996389 1.0084
154	-0.007719 0.997533	1 1	0.996424 1.00838
154.5	-0.00774555 0.997057	1 1	0.996457 1.00834
155	-0.00774365 0.997799	1 1	0.996465 1.0083
155.5	-0.00773903 0.998322	1 1	0.99646 1.00826
156	-0.00780062 0.998581	1 1	0.996452 1.00823
156.5	-0.00789413 0.998584	1 1	0.996443 1.00821
157	-0.00797475 0.998341	1 1	0.996435 1.00819
157.5	-0.00805758 0.997868	1 1	0.996427 1.00815
158	-0.00810798 0.997309	1 1	0.996422 1.00803
158.5	-0.00813191 0.996769	1 1	0.996426 1.00783
159	-0.00813807 0.996959	1 1	0.996434 1.00762
159.5	-0.00817334 0.997207	1 1	0.996444 1.00743
160	-0.00820036 0.997343	1 1	0.996456 1.00721
160.5	-0.00821602 0.997448	1 1	0.996467 1.007
161	-0.00822102 0.997507	1 1	0.99648 1.00679
161.5	-0.00821275 0.997539	1 1	0.996492 1.00665
162	-0.00819966 0.997475	1 1	0.996503 1.00652
162.5	-0.00822601 0.997349	1 1	0.996514 1.0064
163	-0.00823747 0.997141	1 1	0.996523 1.0063
163.5	-0.00833129 0.996819	1 1	0.996531 1.00625
164	-0.00841375 0.996433	1 1	0.996537 1.00621
164.5	-0.00847879 0.996399	1 1	0.996541 1.00616
165	-0.00855204 0.99624	1 1	0.996544 1.00612
165.5	-0.00860994 0.995945	1 1	0.996546 1.00607
166	-0.00864151 0.995996	1 1	0.996549 1.00602
166.5	-0.00864855 0.996598	1 1	0.996552 1.00597
167	-0.00866693 0.997146	1 1	0.996555 1.00594
167.5	-0.00868431 0.997601	1 1	0.996556 1.00594
168	-0.00867581 0.997931	1 1	0.996554 1.006
168.5	-0.0086424 0.998098	1 1	0.99655 1.00607
169	-0.00865562 0.998062	1 1	0.996546 1.00615
169.5	-0.00866159 0.997793	1 1	0.996543 1.00623
170	-0.00879346 0.997339	1 1	0.996539 1.00628
170.5	-0.00889879 0.996714	1 1	0.996537 1.00631
171	-0.00897473 0.995965	1 1	0.996536 1.00631
171.5	-0.00903913 0.99625	1 1	0.996537 1.00629
172	-0.00909035 0.996515	1 1	0.996538 1.00629
172.5	-0.0091188 0.996658	1 1	0.996539 1.00626
173	-0.00912209 0.996639	1 1	0.996539 1.00622
173.5	-0.0091204 0.996482	1 1	0.996539 1.00616
174	-0.00911995 0.996496	1 1	0.996539 1.00608
174.5	-0.00909772 0.996755	1 1	0.996538 1.00599
175	-0.0090552 0.996861	1 1	0.996537 1.00588
175.5	-0.00904322 0.996839	1 1	0.996537 1.00576
176	-0.00900333 0.996668	1 1	0.996537 1.00563
176.5	-0.00915322 0.996321	1 1	0.996537 1.00549
177	-0.00928772 0.995854	1 1	0.996538 1.00533
177.5	-0.00939567 0.996519	1 1	0.996538 1.00517
178	-0.00947632 0.997033	1 1	0.996539 1.00499
178.5	-0.00953093 0.997395	1 1	0.996539 1.00481
179	-0.00957084 0.99759	1 1	0.99654 1.00482
179.5	-0.00958445 0.997618	1 1	0.996542 1.00484
180	-0.00956952 0.997484	1 1	0.996542 1.00485
180.5	-0.00953527 0.997183	1 1	0.996544 1.00486
181	-0.00950293 0.996724	1 1	0.996544 1.00486
181.5	-0.00944365 0.996101	1 1	0.996544 1.00485
182	-0.0093879 0.995318	1 1	0.996545 1.00484
182.5	-0.00932323 0.995053	1 1	0.996546 1.00482
183	-0.00948097 0.994858	1 1	0.996548 1.0048
183.5	-0.00963252 0.995716	1 1	0.996548 1.00483
184	-0.00976177 0.996396	1 1	0.996546 1.00486
184.5	-0.00986749 0.996908	1 1	0.996542 1.0049
185	-0.00994569 0.997252	1 1	0.996537 1.00493
185.5	-0.0099931 0.997454	1 1	0.996533 1.00496
186	-0.0100105 0.997487	1 1	0.996531 1.00499
186.5	-0.0100006 0.997353	1 1	0.996528 1.00501
187	-0.00996404 0.997051	1 1	0.996526 1.00503
187.5	-0.00991058 0.996584	1 1	0.996522 1.00505
188	-0.00983198 0.995951	1 1	0.996517 1.00506
188.5	-0.00973984 0.995086	1 1	0.996511 1.00507
189	-0.00962386 0.994625	1 1	0.996505 1.00508
189.5	-0.00964258 0.994719	1 1	0.996501 1.00508
190	-0.00982226 0.995414	1 1	0.996496 1.00509
190.5	-0.00998358 0.99609	1 1	0.996491 1.00509
191	-0.0101322 0.996589	1 1	0.996484 1.00509
191.5	-0.0102468 0.996934	1 1	0.996477 1.00509
192	-0.0103359 0.997093	1 1	0.996471 1.00508
192.5	-0.0103947 0.997049	1 1	0.996466 1.00508
193	-0.0104215 0.996825	1 1	0.99646 1.00507
193.5	-0.0104315 0.996412	1 1	0.996454 1.00505
194	-0.0104069 0.995819	1 1	0.996447 1.00507
194.5	-0.0103581 0.995099	1 1	0.996439 1.00509
195	-0.0102947 0.99469	1 1	0.996431 1.00511
195.5	-0.0102297 0.994833	1 1	0.996424 1.00514
196	-0.0101478 0.994809	1 1	0.996417 1.00516
196.5	-0.0100838 0.995339	1 1	0.996412 1.00518
197	-0.0101823 0.995966	1 1	0.996408 1.0052
197.5	-0.0103367 0.996401	1 1	0.996404 1.00522
198	-0.0104705 0.99666	1 1	0.9964 1.00524
198.5	-0.0105776 0.996705	1 1	0.996397 1.00525
199	-0.01066 0.99654	1 1	0.996372 1.00527
199.5	-0.0107309 0.996194	1 1	0.996339 1.00528
200	-0.0107849 0.995643	1 1	0.996296 1.00529
200.5	-0.0108082 0.994967	1 1	0.996236 1.00529
201	-0.0108193 0.9942	1 1	0.996184 1.00529
201.5	-0.0108218 0.994262	1 1	0.996136 1.0053
202	-0.0107977 0.994206	1 1	0.996091 1.0053
202.5	-0.0107951 0.994871	1 1	0.996046 1.0053
203	-0.0107616 0.995567	1 1	0.996004 1.00531
203.5	-0.0107387 0.996067	1 1	0.995965 1.00532
204	-0.0107047 0.996371	1 1	0.99593 1.00532
204.5	-0.0106543 0.996467	1 1	0.995875 1.00532
205	-0.0106356 0.996359	1 1	0.995815 1.00532
205.5	-0.0107118 0.996045	1 1	0.995763 1.00532
206	-0.0108212 0.995564	1 1	0.995713 1.00532
206.5	-0.0109266 0.994887	1 1	0.995669 1.00532
207	-0.0110123 0.993986	1 1	0.995629 1.00531
207.5	-0.0110652 0.993141	1 1	0.995592 1.00531
208	-0.0111086 0.993586	1 1	0.995557 1.0053
208.5	-0.0111468 0.994471	1 1	0.995526 1.00531
209	-0.0111548 0.995136	1 1	0.995499 1.00533
209.5	-0.011177 0.995628	1 1	0.995475 1.00535
210	-0.0111901 0.995945	1 1	0.995453 1.00537
210.5	-0.0111728 0.996086	1 1	0.995433 1.00539
211	-0.011193 0.996032	1 1	0.995402 1.00541
211.5	-0.0111813 0.995788	1 1	0.995363 1.00544
212	-0.0111546 0.995351	1 1	0.995328 1.00546
212.5	-0.0111668 0.994731	1 1	0.995297 1.00548
213	-0.0111477 0.993889	1 1	0.995247 1.0055
213.5	-0.0111012 0.994009	1 1	0.995198 1.00551
214	-0.0111201 0.994105	1 1	0.995154 1.00552
214.5	-0.0111353 0.993976	1 1	0.995115 1.00553
215	-0.0111866 0.994192	1 1	0.995075 1.00554
215.5	-0.0112457 0.994653	1 1	0.995036 1.00556
216	-0.0112971 0.994954	1 1	0.995003 1.00556
216.5	-0.0113228 0.99509	1 1	0.994972 1.00557
217	-0.0113547 0.995041	1 1	0.994942 1.00558
217.5	-0.0113964 0.994822	1 1	0.994912 1.00559
218	-0.0114122 0.994387	1 1	0.994884 1.00559
218.5	-0.0114293 0.994281	1 1	0.994859 1.0056
219	-0.0114662 0.994791	1 1	0.994836 1.0056
219.5	-0.0114713 0.995108	1 1	0.994817 1.00561
220	-0.0114658 0.995213	1 1	0.994797 1.00561
220.5	-0.011501 0.995143	1 1	0.994782 1.00561
221	-0.011506 0.994876	1 1	0.994769 1.00561
221.5	-0.0114806 0.994414	1 1	0.994747 1.00561
222	-0.0115002 0.993767	1 1	0.994718 1.00561
222.5	-0.0115165 0.992919	1 1	0.994692 1.00561
223	-0.0115017 0.99273	1 1	0.994666 1.0056
223.5	-0.0114596 0.992649	1 1	0.994643 1.0056
224	-0.0114954 0.993464	1 1	0.994621 1.0056
224.5	-0.0115062 0.994132	1 1	0.994602 1.00559
225	-0.0114837 0.994629	1 1	0.994587 1.00559
225.5	-0.0114351 0.994951	1 1	0.994567 1.00559
226	-0.0114763 0.995081	1 1	0.994534 1.00561
226.5	-0.011489 0.995017	1 1	0.994502 1.00563
227	-0.0115279 0.994752	1 1	0.994468 1.00566
227.5	-0.0115477 0.994274	1 1	0.994437 1.00568
228	-0.0115366 0.993603	1 1	0.99441 1.0057
228.5	-0.0115924 0.993756	1 1	0.994384 1.00572
229	-0.0116179 0.994106	1 1	0.994358 1.00573
229.5	-0.0116164 0.994278	1 1	0.994332 1.00575
230	-0.0116054 0.99429	1 1	0.994309 1.00577
230.5	-0.0116473 0.994128	1 1	0.994289 1.00579
231	-0.0116639 0.993742	1 1	0.994271 1.00581
231.5	-0.0116527 0.993173	1 1	0.994253 1.00582
232	-0.0116214 0.992654	1 1	0.994238 1.00583
232.5	-0.0116641 0.992499	1 1	0.994225 1.00585
233	-0.0116817 0.992142	1 1	0.994214 1.00585
233.5	-0.0116743 0.992739	1 1	0.994203 1.00586
234	-0.0116351 0.993445	1 1	0.994191 1.00587
234.5	-0.0116613 0.994012	1 1	0.994177 1.00588
235	-0.0116887 0.994353	1 1	0.994153 1.00588
235.5	-0.0116914 0.994499	1 1	0.99413 1.00589
236	-0.0116653 0.994462	1 1	0.994109 1.0059
236.5	-0.0116245 0.994238	1 1	0.994089 1.00591
237	-0.0116733 0.993822	1 1	0.994072 1.00591
237.5	-0.0116973 0.993209	1 1	0.994057 1.00592
238	-0.0116925 0.993394	1 1	0.994042 1.00592
238.5	-0.0116561 0.993873	1 1	0.994029 1.00593
239	-0.0116151 0.994158	1 1	0.994017 1.00593
239.5	-0.0116658 0.994269	1 1	0.994006 1.00593
240	-0.0116906 0.994181	1 1	0.993986 1.00594
240.5	-0.0116866 0.993917	1 1	0.993959 1.00594
241	-0.0116543 0.993469	1 1	0.993933 1.00594
241.5	-0.011593 0.992849	1 1	0.993907 1.00594
242	-0.0116305 0.992043	1 1	0.993884 1.00594
242.5	-0.0116683 0.992155	1 1	0.993865 1.00593
243	-0.0116768 0.992496	1 1	0.993846 1.00593
243.5	-0.0116572 0.992619	1 1	0.993823 1.00593
244	-0.0116101 0.992575	1 1	0.9938 1.00593
244.5	-0.0115683 0.992769	1 1	0.993781 1.00592
245	-0.011628 0.992982	1 1	0.993763 1.00592
245.5	-0.0116588 0.992969	1 1	0.993747 1.00593
246	-0.0116614 0.992753	1 1	0.993731 1.00595
246.5	-0.0116354 0.992335	1 1	0.993715 1.00597
247	-0.011582 0.992234	1 1	0.993701 1.00599
247.5	-0.0115456 0.99296	1 1	0.993689 1.00601
248	-0.0116061 0.99348	1 1	0.993676 1.00602
248.5	-0.0116407 0.993832	1 1	0.993664 1.00604
249	-0.0116481 0.993995	1 1	0.993652 1.00606
249.5	-0.011627 0.993967	1 1	0.993642 1.00607
250	-0.0115757 0.993748	1 1	0.993633 1.00609
250.5	-0.0114942 0.993338	1 1	0.993618 1.0061
251	-0.0115652 0.992733	1 1	0.993602 1.00611
251.5	-0.0116103 0.992756	1 1	0.993586 1.00613
252	-0.0116302 0.993342	1 1	0.993572 1.00614
252.5	-0.0116239 0.993745	1 1	0.993559 1.00615
253	-0.0115889 0.993966	1 1	0.993546 1.00616
253.5	-0.011539 0.993986	1 1	0.993533 1.00617
254	-0.0115111 0.993805	1 1	0.993521 1.00618
254.5	-0.011551 0.993457	1 1	0.993511 1.00619
255	-0.0115929 0.992904	1 1	0.993503 1.0062
255.5	-0.0116086 0.992179	1 1	0.993496 1.0062
256	-0.0115946 0.99254	1 1	0.99349 1.00621
256.5	-0.0115524 0.993005	1 1	0.993467 1.00622
257	-0.011588 0.993305	1 1	0.993444 1.00622
257.5	-0.0116136 0.99342	1 1	0.993419 1.00623
258	-0.0116041 0.993346	1 1	0.993394 1.00624
258.5	-0.0115626 0.993076	1 1	0.993371 1.00625
259	-0.0115796 0.992636	1 1	0.99335 1.00625
259.5	-0.0115698 0.992002	1 1	0.993329 1.00626
260	-0.0115318 0.991327	1 1	0.99331 1.00626
260.5	-0.011511 0.991867	1 1	0.993291 1.00626
261	-0.0116039 0.992284	1 1	0.993272 1.00627
261.5	-0.0116647 0.992546	1 1	0.993254 1.00627
262	-0.011692 0.992602	1 1	0.993237 1.00627
262.5	-0.0116846 0.992452	1 1	0.993221 1.00627
263	-0.011639 0.992136	1 1	0.993206 1.00627
263.5	-0.0115525 0.991652	1 1	0.993192 1.00627
264	-0.0114731 0.990964	1 1	0.993178 1.00627
264.5	-0.011587 0.990645	1 1	0.993164 1.00627
265	-0.0116782 0.99122	1 1	0.993151 1.00627
265.5	-0.0117348 0.991659	1 1	0.993139 1.00627
266	-0.0117536 0.991914	1 1	0.993128 1.00627
266.5	-0.0117342 0.991961	1 1	0.993117 1.00627
267	-0.0116856 0.992021	1 1	0.993107 1.00626
267.5	-0.0116693 0.991885	1 1	0.993097 1.00626
268	-0.011617 0.991563	1 1	0.993088 1.00626
268.5	-0.011609 0.991079	1 1	0.993079 1.00627
269	-0.0116663 0.99062	1 1	0.99307 1.00628
269.5	-0.0117307 0.991307	1 1	0.993063 1.0063
270	-0.0118006 0.991822	1 1	0.993057 1.00632
270.5	-0.0118394 0.992152	1 1	0.993051 1.00634
271	-0.0118445 0.992292	1 1	0.993046 1.00636
271.5	-0.0118148 0.992249	1 1	0.993042 1.00637
272	-0.0117463 0.992023	1 1	0.993038 1.00639
272.5	-0.0116513 0.991635	1 1	0.993034 1.0064
273	-0.0117577 0.991069	1 1	0.993031 1.00641
273.5	-0.0118296 0.990916	1 1	0.993025 1.00643
274	-0.011869 0.991554	1 1	0.993002 1.00644
274.5	-0.0118717 0.991998	1 1	0.992979 1.00645
275	-0.011835 0.99224	1 1	0.992956 1.00646
275.5	-0.0118601 0.992277	1 1	0.992935 1.00647
276	-0.0118819 0.992161	1 1	0.992914 1.00648
276.5	-0.0118707 0.991875	1 1	0.992891 1.00649
277	-0.011823 0.991387	1 1	0.992872 1.0065
277.5	-0.0117808 0.990696	1 1	0.992852 1.00651
278	-0.0118875 0.990928	1 1	0.992833 1.00652
278.5	-0.0119582 0.991485	1 1	0.992815 1.00653
279	-0.0119976 0.991855	1 1	0.992798 1.00654
279.5	-0.0120041 0.992006	1 1	0.992779 1.00654
280	-0.0119726 0.991978	1 1	0.992762 1.00655
280.5	-0.0119011 0.991772	1 1	0.992745 1.00656
281	-0.0118609 0.991388	1 1	0.992729 1.00656
281.5	-0.0119343 0.990819	1 1	0.992714 1.00657
282	-0.011971 0.990156	1 1	0.992699 1.00658
282.5	-0.0119697 0.990894	1 1	0.992685 1.00658
283	-0.0119265 0.991429	1 1	0.992672 1.00658
283.5	-0.0120024 0.991778	1 1	0.992658 1.00659
284	-0.0120629 0.991957	1 1	0.992646 1.00659
284.5	-0.0120941 0.99197	1 1	0.992633 1.0066
285	-0.0120931 0.991804	1 1	0.992621 1.0066
285.5	-0.0120564 0.991468	1 1	0.99261 1.0066
286	-0.0120165 0.99096	1 1	0.992598 1.00661
286.5	-0.0120999 0.990966	1 1	0.992588 1.00661
287	-0.0121449 0.99162	1 1	0.992578 1.00661
287.5	-0.0121548 0.992133	1 1	0.992569 1.00661
288	-0.0121254 0.992483	1 1	0.99256 1.00661
288.5	-0.012057 0.992642	1 1	0.992551 1.00661
289	-0.0120416 0.992617	1 1	0.992543 1.00661
289.5	-0.0121123 0.992391	1 1	0.992536 1.00661
290	-0.012157 0.991998	1 1	0.992529 1.00661
290.5	-0.0121716 0.99141	1 1	0.992523 1.00661
291	-0.0121556 0.991637	1 1	0.992516 1.00661
291.5	-0.012187 0.992265	1 1	0.992511 1.00661
292	-0.0122658 0.992718	1 1	0.992506 1.00661
292.5	-0.0123064 0.993026	1 1	0.992502 1.00661
293	-0.0123152 0.993148	1 1	0.992498 1.00661
293.5	-0.0122908 0.993088	1 1	0.992494 1.00661
294	-0.0122292 0.992826	1 1	0.992491 1.00661
294.5	-0.0122445 0.992378	1 1	0.992489 1.00663
295	-0.0122697 0.991744	1 1	0.992487 1.00664
295.5	-0.0122554 0.991879	1 1	0.992485 1.00666
296	-0.01222 0.992457	1 1	0.992467 1.00667
296.5	-0.0122417 0.992842	1 1	0.992448 1.00668
297	-0.0122944 0.993051	1 1	0.99243 1.00669
297.5	-0.0123852 0.993092	1 1	0.992412 1.00671
298	-0.0124418 0.992977	1 1	0.992392 1.00672
298.5	-0.0124662 0.992682	1 1	0.992372 1.00674
299	-0.012462 0.992202	1 1	0.992353 1.00675
299.5	-0.0124276 0.991518	1 1	0.992336 1.00676
300	-0.0124684 0.991163	1 1	0.99232 1.00678
300.5	-0.0124906 0.991706	1 1	0.992305 1.00679
301	-0.0124752 0.992018	1 1	0.992291 1.00679
301.5	-0.0124196 0.992141	1 1	0.992276 1.0068
302	-0.0123196 0.992097	1 1	0.99226 1.00682
302.5	-0.0123167 0.991893	1 1	0.992245 1.00683
303	-0.0124331 0.991484	1 1	0.992231 1.00683
303.5	-0.0125248 0.990913	1 1	0.992218 1.00684
304	-0.0125874 0.990466	1 1	0.992205 1.00685
304.5	-0.0126196 0.990202	1 1	0.992192 1.00686
305	-0.0126207 0.991051	1 1	0.99218 1.00687
305.5	-0.0126627 0.991695	1 1	0.992167 1.00688
306	-0.0127034 0.99217	1 1	0.992156 1.00689
306.5	-0.0127077 0.992465	1 1	0.992145 1.00689
307	-0.012673 0.992579	1 1	0.992134 1.0069
307.5	-0.0125989 0.992526	1 1	0.992125 1.00691
308	-0.0125759 0.99229	1 1	0.992115 1.00691
308.5	-0.0125957 0.99186	1 1	0.992106 1.00692
309	-0.0126531 0.991262	1 1	0.992097 1.00692
309.5	-0.0126833 0.991701	1 1	0.992088 1.00693
310	-0.0127209 0.992245	1 1	0.99208 1.00693
310.5	-0.0127669 0.992603	1 1	0.992072 1.00694
311	-0.0128369 0.992788	1 1	0.992065 1.00694
311.5	-0.0128975 0.992792	1 1	0.992058 1.00694
312	-0.012927 0.992626	1 1	0.992051 1.00695
312.5	-0.0129249 0.992289	1 1	0.992045 1.00695
313	-0.0128875 0.991768	1 1	0.992039 1.00696
313.5	-0.0128971 0.991036	1 1	0.992034 1.00696
314	-0.012933 0.990254	1 1	0.99203 1.00696
314.5	-0.0129418 0.990669	1 1	0.992025 1.00696
315	-0.0129308 0.990857	1 1	0.992021 1.00697
315.5	-0.0130023 0.990969	1 1	0.992018 1.00697
316	-0.0130457 0.991429	1 1	0.992014 1.00697
316.5	-0.0130957 0.991743	1 1	0.992012 1.00697
317	-0.0131528 0.991861	1 1	0.99201 1.00697
317.5	-0.0131847 0.991799	1 1	0.992008 1.00697
318	-0.0131875 0.99158	1 1	0.992006 1.00697
318.5	-0.0131639 0.991143	1 1	0.992005 1.00697
319	-0.0131967 0.990954	1 1	0.992004 1.00697
319.5	-0.0132046 0.991636	1 1	0.992004 1.00697
320	-0.0131841 0.992147	1 1	0.991989 1.00697
320.5	-0.0132561 0.992459	1 1	0.991973 1.00697
321	-0.0133424 0.992571	1 1	0.991958 1.00697
321.5	-0.0134002 0.992484	1 1	0.991942 1.00697
322	-0.01343 0.992217	1 1	0.991927 1.00698
322.5	-0.0134648 0.99179	1 1	0.991911 1.00699
323	-0.013497 0.991159	1 1	0.991895 1.00701
323.5	-0.0135031 0.990368	1 1	0.99188 1.00702
324	-0.0134824 0.989544	1 1	0.991867 1.00704
324.5	-0.0134604 0.989836	1 1	0.991854 1.00705
325	-0.0134574 0.990534	1 1	0.991842 1.00706
325.5	-0.0134254 0.991168	1 1	0.991829 1.00707
326	-0.01352 0.991604	1 1	0.991817 1.00708
326.5	-0.0136139 0.991875	1 1	0.991805 1.0071
327	-0.0137015 0.991969	1 1	0.991793 1.00711
327.5	-0.0137608 0.99188	1 1	0.991782 1.00712
328	-0.0137918 0.991606	1 1	0.99177 1.00713
328.5	-0.0137939 0.991162	1 1	0.99176 1.00714
329	-0.0137994 0.99054	1 1	0.99175 1.00715
329.5	-0.0137929 0.991016	1 1	0.99174 1.00716
330	-0.0137592 0.991355	1 1	0.99173 1.00717
330.5	-0.0136986 0.99154	1 1	0.99172 1.00718
331	-0.0136663 0.991532	1 1	0.99171 1.00719
331.5	-0.0136795 0.991344	1 1	0.991702 1.0072
332	-0.0138163 0.990965	1 1	0.991693 1.00721
332.5	-0.013927 0.990411	1 1	0.991685 1.00722
333	-0.0140127 0.990525	1 1	0.991678 1.00723
333.5	-0.0140676 0.990454	1 1	0.99167 1.00724
334	-0.014102 0.99025	1 1	0.991662 1.00725
334.5	-0.0141222 0.989997	1 1	0.991655 1.00725
335	-0.014115 0.990752	1 1	0.991648 1.00726
335.5	-0.0140798 0.99132	1 1	0.991642 1.00727
336	-0.0140251 0.991691	1 1	0.991636 1.00728
336.5	-0.0139704 0.991877	1 1	0.991631 1.00728
337	-0.0139181 0.991892	1 1	0.991626 1.00729
337.5	-0.0139182 0.991722	1 1	0.991622 1.00729
338	-0.0139589 0.991366	1 1	0.991617 1.0073
338.5	-0.0141039 0.990827	1 1	0.991613 1.0073
339	-0.014225 0.990104	1 1	0.99161 1.00731
339.5	-0.0143187 0.989161	1 1	0.991606 1.00731
340	-0.0143856 0.988822	1 1	0.991603 1.00732
340.5	-0.0144265 0.989655	1 1	0.991601 1.00732
341	-0.014439 0.990462	1 1	0.991598 1.00733
341.5	-0.0144229 0.991052	1 1	0.991596 1.00733
342	-0.0143784 0.991438	1 1	0.991595 1.00733
342.5	-0.0143049 0.991643	1 1	0.991593 1.00734
343	-0.0142015 0.991675	1 1	0.991592 1.00734
343.5	-0.0141898 0.991537	1 1	0.991591 1.00734
344	-0.014186 0.991227	1 1	0.991591 1.00734
344.5	-0.0141468 0.990745	1 1	0.99159 1.00735
345	-0.0142371 0.990019	1 1	0.991591 1.00735
345.5	-0.0143754 0.989101	1 1	0.991591 1.00735
346	-0.0144952 0.988445	1 1	0.991592 1.00735
346.5	-0.0145946 0.989005	1 1	0.991578 1.00735
347	-0.0146707 0.989872	1 1	0.991562 1.00735
347.5	-0.0147185 0.99053	1 1	0.991547 1.00735
348	-0.0147411 0.990999	1 1	0.991534 1.00735
348.5	-0.0147354 0.991262	1 1	0.99152 1.00735
349	-0.0147246 0.991347	1 1	0.991508 1.00735
349.5	-0.0146843 0.991256	1 1	0.991497 1.00735
350	-0.014636 0.990987	1 1	0.991485 1.00735
350.5	-0.0145743 0.990533	1 1	0.991474 1.00735
351	-0.0145139 0.989854	1 1	0.991464 1.00735
351.5	-0.0144373 0.989	1 1	0.991452 1.00735
352	-0.0143776 0.987999	1 1	0.991441 1.00737
352.5	-0.0144604 0.988403	1 1	0.991429 1.00738
353	-0.0146002 0.989303	1 1	0.991418 1.0074
353.5	-0.0147176 0.990025	1 1	0.991408 1.00741
354	-0.0148134 0.990556	1 1	0.991397 1.00743
354.5	-0.0148803 0.990869	1 1	0.991387 1.00744
355	-0.0149478 0.990999	1 1	0.991378 1.00745
355.5	-0.0149928 0.990942	1 1	0.991368 1.00746
356	-0.01501 0.990701	1 1	0.99136 1.00748
356.5	-0.0150261 0.990258	1 1	0.991352 1.00749
357	-0.0150326 0.98963	1 1	0.991343 1.0075
357.5	-0.0150102 0.988843	1 1	0.991336 1.00751
358	-0.0150146 0.988359	1 1	0.991328 1.00752
358.5	-0.0149924 0.988424	1 1	0.991321 1.00753
359	-0.0149651 0.988531	1 1	0.991314 1.00754
359.5	-0.0149519 0.98927	1 1	0.991306 1.00755
360	-0.0149077 0.989834	1 1	0.9913 1.00756
360.5	-0.0148863 0.990231	1 1	0.991293 1.00757
361	-0.0148672 0.990421	1 1	0.991286 1.00758
361.5	-0.0149118 0.990417	1 1	0.991281 1.00759
362	-0.0149533 0.990213	1 1	0.991275 1.0076
362.5	-0.0150098 0.989828	1 1	0.991269 1.00761
363	-0.0150626 0.989234	1 1	0.991265 1.00762
363.5	-0.015116 0.988856	1 1	0.99126 1.00762
364	-0.0151652 0.989173	1 1	0.991256 1.00763
364.5	-0.0151888 0.989292	1 1	0.991252 1.00764
365	-0.0152098 0.989248	1 1	0.991249 1.00765
365.5	-0.01524 0.989035	1 1	0.991245 1.00765
366	-0.0152469 0.988589	1 1	0.991242 1.00766
366.5	-0.0152489 0.988927	1 1	0.991239 1.00767
367	-0.0152756 0.989124	1 1	0.991236 1.00767
367.5	-0.0152756 0.989116	1 1	0.991234 1.00768
368	-0.0152511 0.988912	1 1	0.991231 1.00769
368.5	-0.0152805 0.988513	1 1	0.991229 1.00769
369	-0.0152811 0.989039	1 1	0.991228 1.0077
369.5	-0.0152501 0.989551	1 1	0.991227 1.0077
370	-0.0152583 0.989858	1 1	0.991226 1.00771
370.5	-0.0152682 0.989976	1 1	0.991225 1.00771
371	-0.0152514 0.989891	1 1	0.991225 1.00771
371.5	-0.0152059 0.989615	1 1	0.991225 1.00772
372	-0.015234 0.989164	1 1	0.991225 1.00772
372.5	-0.0152415 0.98851	1 1	0.991225 1.00773
373	-0.0152555 0.987635	1 1	0.991226 1.00773
373.5	-0.015315 0.987016	1 1	0.991227 1.00773
374	-0.0153402 0.987205	1 1	0.991228 1.00773
374.5	-0.015334 0.987953	1 1	0.991229 1.00774
375	-0.015295 0.988618	1 1	0.991222 1.00774
375.5	-0.0152924 0.989087	1 1	0.99121 1.00774
376	-0.0152826 0.989342	1 1	0.991198 1.00774
376.5	-0.0153308 0.989394	1 1	0.991186 1.00774
377	-0.0153547 0.989217	1 1	0.991175 1.00775
377.5	-0.0153536 0.988819	1 1	0.991165 1.00775
378	-0.0153357 0.988235	1 1	0.991154 1.00775
378.5	-0.0153793 0.988506	1 1	0.991144 1.00775
379	-0.0153973 0.988925	1 1	0.991133 1.00775
379.5	-0.0154167 0.989144	1 1	0.991123 1.00775
380	-0.0154488 0.989188	1 1	0.991112 1.00775
380.5	-0.0154568 0.989032	1 1	0.991103 1.00775
381	-0.0154339 0.988671	1 1	0.991095 1.00775
381.5	-0.0154058 0.988091	1 1	0.991086 1.00775
382	-0.0153962 0.987273	1 1	0.991078 1.00775
382.5	-0.0154724 0.986241	1 1	0.99107 1.00775
383	-0.0155214 0.986576	1 1	0.991061 1.00776
383.5	-0.0155469 0.987428	1 1	0.991053 1.00777
384	-0.0155471 0.988078	1 1	0.991046 1.00779
384.5	-0.015519 0.988545	1 1	0.991039 1.0078
385	-0.0154607 0.988805	1 1	0.991033 1.00781
385.5	-0.0154527 0.988849	1 1	0.991026 1.00782
386	-0.0154995 0.988686	1 1	0.991019 1.00783
386.5	-0.0155215 0.988318	1 1	0.991014 1.00785
387	-0.0155219 0.987685	1 1	0.99101 1.00786
387.5	-0.015495 0.988198	1 1	0.991006 1.00787
388	-0.0154532 0.988675	1 1	0.991001 1.00788
388.5	-0.0155505 0.988935	1 1	0.990997 1.00789
389	-0.0156258 0.988984	1 1	0.990993 1.0079
389.5	-0.0156799 0.988817	1 1	0.99099 1.00791
390	-0.0157131 0.988414	1 1	0.990987 1.00792
390.5	-0.0157215 0.987811	1 1	0.990983 1.00793
391	-0.0157034 0.987035	1 1	0.99098 1.00794
391.5	-0.0156558 0.986984	1 1	0.990976 1.00795
392	-0.0155812 0.987335	1 1	0.990973 1.00796
392.5	-0.0154833 0.987459	1 1	0.990971 1.00796
393	-0.015512 0.987378	1 1	0.990969 1.00797
393.5	-0.0155646 0.987095	1 1	0.990967 1.00798
394	-0.0155958 0.987229	1 1	0.990966 1.00799
394.5	-0.0156038 0.987141	1 1	0.990966 1.00799
395	-0.0156346 0.986818	1 1	0.990967 1.008
395.5	-0.0157161 0.986552	1 1	0.990967 1.00801
396	-0.0157778 0.987372	1 1	0.990968 1.00801
396.5	-0.0158199 0.987981	1 1	0.99097 1.00802
397	-0.0158426 0.988353	1 1	0.990972 1.00803
397.5	-0.015844 0.988508	1 1	0.990973 1.00803
398	-0.0158196 0.988455	1 1	0.990974 1.00804
398.5	-0.0157678 0.988199	1 1	0.990974 1.00804
399	-0.0156869 0.987723	1 1	0.990975 1.00805
399.5	-0.0156867 0.987045	1 1	0.990975 1.00805
400	-0.015756 0.987554	1 1	0.990976 1.00806
400.5	-0.0158033 0.988054	1 1	0.990979 1.00806
401	-0.0158321 0.988386	1 1	0.990982 1.00807
401.5	-0.0158401 0.988523	1 1	0.990986 1.00807
402	-0.0158262 0.988458	1 1	0.99099 1.00807
402.5	-0.0157983 0.988186	1 1	0.990995 1.00808
403	-0.0158516 0.987728	1 1	0.990999 1.00808
403.5	-0.0158843 0.987058	1 1	0.991003 1.00808
404	-0.0158939 0.986498	1 1	0.991007 1.00808
404.5	-0.0158802 0.987116	1 1	0.991012 1.00809
405	-0.0158442 0.987518	1 1	0.991017 1.00809
405.5	-0.0157848 0.98776	1 1	0.991024 1.00809
406	-0.015816 0.987831	1 1	0.99103 1.00809
406.5	-0.0158969 0.987751	1 1	0.991036 1.00809
407	-0.0159603 0.987507	1 1	0.991038 1.0081
407.5	-0.0160035 0.987075	1 1	0.991031 1.0081
408	-0.0160251 0.986493	1 1	0.991024 1.0081
408.5	-0.0160262 0.985762	1 1	0.991018 1.0081
409	-0.016006 0.985196	1 1	0.991012 1.0081
409.5	-0.0159627 0.985803	1 1	0.991007 1.0081
410	-0.0158966 0.986254	1 1	0.991003 1.0081
410.5	-0.0158444 0.986536	1 1	0.990999 1.0081
411	-0.0158416 0.986674	1 1	0.990995 1.0081
411.5	-0.0158163 0.986661	1 1	0.990992 1.0081
412	-0.0157966 0.986517	1 1	0.990988 1.0081
412.5	-0.0158994 0.986243	1 1	0.990984 1.0081
413	-0.0159854 0.985848	1 1	0.99098 1.0081
413.5	-0.0160519 0.985332	1 1	0.990975 1.0081
414	-0.016099 0.984707	1 1	0.990971 1.0081
414.5	-0.0161209 0.984157	1 1	0.990966 1.0081
415	-0.0161184 0.984348	1 1	0.990962 1.00809
415.5	-0.0160898 0.984912	1 1	0.990957 1.00809
416	-0.0160351 0.985309	1 1	0.990953 1.00809
416.5	-0.0159562 0.98557	1 1	0.99095 1.00809
417	-0.0159122 0.985735	1 1	0.990947 1.00809
417.5	-0.0159864 0.985874	1 1	0.990945 1.00809
418	-0.0160414 0.98597	1 1	0.990943 1.0081
418.5	-0.0160784 0.985924	1 1	0.99094 1.00811
419	-0.0160919 0.985738	1 1	0.990937 1.00812
419.5	-0.0160801 0.985434	1 1	0.990934 1.00813
420	-0.0160882 0.985069	1 1	0.990932 1.00814
420.5	-0.0160977 0.984615	1 1	0.99093 1.00815
421	-0.016082 0.984055	1 1	0.990929 1.00816
421.5	-0.0160407 0.983395	1 1	0.990928 1.00817
422	-0.015972 0.983738	1 1	0.990927 1.00818
422.5	-0.0160282 0.984377	1 1	0.990925 1.00818
423	-0.0161152 0.984858	1 1	0.990924 1.00819
423.5	-0.0161788 0.985285	1 1	0.990923 1.0082
424	-0.0162194 0.98557	1 1	0.990923 1.00821
424.5	-0.0162366 0.98576	1 1	0.990924 1.00822
425	-0.0162297 0.985873	1 1	0.990926 1.00823
425.5	-0.016198 0.985908	1 1	0.990928 1.00823
426	-0.0161404 0.985863	1 1	0.990929 1.00824
426.5	-0.0160548 0.985743	1 1	0.990931 1.00825
427	-0.0159426 0.985563	1 1	0.990933 1.00825
427.5	-0.0159537 0.985339	1 1	0.990936 1.00826
428	-0.0160539 0.985031	1 1	0.990938 1.00827
428.5	-0.0161333 0.984677	1 1	0.990938 1.00827
429	-0.0161886 0.984271	1 1	0.990939 1.00828
429.5	-0.0162179 0.983796	1 1	0.990939 1.00829
430	-0.0162198 0.983261	1 1	0.990941 1.00829
430.5	-0.0161938 0.982667	1 1	0.990942 1.0083
431	-0.0161399 0.982871	1 1	0.990945 1.00831
431.5	-0.0160545 0.983378	1 1	0.990948 1.00831
432	-0.0160533 0.983826	1 1	0.990951 1.00832
432.5	-0.0161418 0.984206	1 1	0.990954 1.00832
433	-0.0162083 0.984507	1 1	0.990957 1.00833
433.5	-0.01625 0.984748	1 1	0.990959 1.00833
434	-0.0162646 0.984908	1 1	0.990961 1.00834
434.5	-0.0162495 0.985014	1 1	0.990963 1.00834
435	-0.0162032 0.9851	1 1	0.990964 1.00835
435.5	-0.0161231 0.985174	1 1	0.990966 1.00835
436	-0.0160097 0.985224	1 1	0.990967 1.00836
436.5	-0.0160473 0.985206	1 1	0.990969 1.00836
437	-0.0161392 0.985136	1 1	0.99097 1.00837
437.5	-0.0162003 0.98502	1 1	0.990974 1.00837
438	-0.0162334 0.98487	1 1	0.990978 1.00837
438.5	-0.0162362 0.984676	1 1	0.990982 1.00838
439	-0.0162072 0.984449	1 1	0.990985 1.00838
439.5	-0.0161424 0.98425	1 1	0.990987 1.00838
440	-0.0160408 0.984028	1 1	0.990989 1.00839
440.5	-0.0159998 0.98377	1 1	0.990991 1.00839
441	-0.0161069 0.983456	1 1	0.990992 1.00839
441.5	-0.0161838 0.983136	1 1	0.990993 1.0084
442	-0.0162293 0.982772	1 1	0.990995 1.0084
442.5	-0.0162425 0.982313	1 1	0.990998 1.0084
443	-0.0162231 0.982126	1 1	0.991001 1.0084
443.5	-0.0161678 0.982674	1 1	0.991003 1.00841
444	-0.0160719 0.983145	1 1	0.990995 1.00841
444.5	-0.0159695 0.983583	1 1	0.990985 1.00841
445	-0.0160638 0.983946	1 1	0.990975 1.00841
445.5	-0.0161242 0.984258	1 1	0.990966 1.00841
446	-0.0161473 0.984492	1 1	0.990956 1.00842
446.5	-0.016133 0.984741	1 1	0.990947 1.00842
447	-0.016084 0.984991	1 1	0.990938 1.00842
447.5	-0.0160512 0.985209	1 1	0.990929 1.00842
448	-0.0159802 0.985416	1 1	0.99092 1.00842
448.5	-0.0159931 0.985556	1 1	0.990912 1.00842
449	-0.0160935 0.985645	1 1	0.990903 1.00842
449.5	-0.0161589 0.985691	1 1	0.990895 1.00842
450	-0.0161862 0.985703	1 1	0.990887 1.00842
450.5	-0.0161718 0.985666	1 1	0.99088 1.00842
451	-0.0161163 0.985578	1 1	0.990872 1.00842
451.5	-0.0160198 0.98543	1 1	0.990865 1.00842
452	-0.0158776 0.985254	1 1	0.990858 1.00842
452.5	-0.0159331 0.985046	1 1	0.990851 1.00842
453	-0.0159851 0.984796	1 1	0.990844 1.00842
453.5	-0.0160654 0.984483	1 1	0.990838 1.00842
454	-0.0161097 0.984177	1 1	0.990831 1.00842
454.5	-0.0161124 0.983752	1 1	0.990825 1.00842
455	-0.0160745 0.983277	1 1	0.990819 1.00841
455.5	-0.0159971 0.983677	1 1	0.990813 1.00841
456	-0.0159606 0.984216	1 1	0.990807 1.00842
456.5	-0.0160329 0.984645	1 1	0.990801 1.00844
457	-0.0160682 0.985078	1 1	0.990796 1.00845
457.5	-0.0160621 0.985456	1 1	0.99079 1.00846
458	-0.0160114 0.985769	1 1	0.990785 1.00847
458.5	-0.0159693 0.986057	1 1	0.990778 1.00848
459	-0.0159679 0.986262	1 1	0.99077 1.00849
459.5	-0.0159249 0.986394	1 1	0.990762 1.00851
460	-0.0159432 0.986431	1 1	0.990754 1.00852
460.5	-0.0160327 0.986382	1 1	0.990745 1.00853
461	-0.0160815 0.986245	1 1	0.990736 1.00854
461.5	-0.0160853 0.986021	1 1	0.990727 1.00855
462	-0.0160442 0.985722	1 1	0.990718 1.00856
462.5	-0.0159613 0.985365	1 1	0.990711 1.00857
463	-0.0158382 0.984921	1 1	0.990705 1.00858
463.5	-0.0158483 0.984382	1 1	0.990699 1.00859
464	-0.0158585 0.984518	1 1	0.990693 1.0086
464.5	-0.0159308 0.985111	1 1	0.990687 1.00861
465	-0.0160056 0.985673	1 1	0.99068 1.00862
465.5	-0.0160438 0.986094	1 1	0.990674 1.00863
466	-0.0160418 0.986424	1 1	0.990667 1.00864
466.5	-0.0159964 0.986667	1 1	0.990661 1.00865
467	-0.0159087 0.98678	1 1	0.990655 1.00866
467.5	-0.0159328 0.986776	1 1	0.990649 1.00866
468	-0.0159544 0.986638	1 1	0.990643 1.00867
468.5	-0.015934 0.986352	1 1	0.990638 1.00868
469	-0.0158715 0.985938	1 1	0.990633 1.00869
469.5	-0.0159271 0.985403	1 1	0.990628 1.00869
470	-0.015969 0.984789	1 1	0.990622 1.0087
470.5	-0.0159693 0.9851	1 1	0.990618 1.00871
471	-0.0159305 0.985655	1 1	0.990614 1.00872
471.5	-0.0159444 0.986077	1 1	0.990611 1.00872
472	-0.0159909 0.986373	1 1	0.990608 1.00873
472.5	-0.0160003 0.986529	1 1	0.990605 1.00873
473	-0.0159704 0.986535	1 1	0.990602 1.00874
473.5	-0.0159029 0.986394	1 1	0.990599 1.00875
474	-0.0158935 0.986114	1 1	0.990596 1.00875
474.5	-0.0158716 0.985675	1 1	0.990593 1.00876
475	-0.0158931 0.985063	1 1	0.99059 1.00876
475.5	-0.0158766 0.984294	1 1	0.990588 1.00877
476	-0.015959 0.98463	1 1	0.990585 1.00877
476.5	-0.0160099 0.985066	1 1	0.990583 1.00878
477	-0.0160203 0.985297	1 1	0.99058 1.00878
477.5	-0.0159866 0.985337	1 1	0.990578 1.00879
478	-0.0159078 0.985164	1 1	0.990576 1.00879
478.5	-0.0159222 0.985352	1 1	0.990575 1.00879
479	-0.0159 0.985314	1 1	0.990574 1.0088
479.5	-0.0158318 0.985099	1 1	0.990574 1.0088
480	-0.0158594 0.984673	1 1	0.990574 1.0088
480.5	-0.015952 0.984938	1 1	0.990574 1.0088
481	-0.0160088 0.985687	1 1	0.990575 1.0088
481.5	-0.0160284 0.986276	1 1	0.990576 1.00881
482	-0.0160104 0.986672	1 1	0.990578 1.00881
482.5	-0.0159518 0.986868	1 1	0.990579 1.00881
483	-0.0159394 0.986873	1 1	0.990581 1.00881
483.5	-0.015945 0.986681	1 1	0.990582 1.00881
484	-0.0159122 0.986283	1 1	0.990573 1.00881
484.5	-0.0158858 0.985678	1 1	0.99056 1.00881
485	-0.015899 0.985917	1 1	0.990548 1.00881
485.5	-0.0159794 0.986442	1 1	0.990536 1.00881
486	-0.0160266 0.986739	1 1	0.990523 1.00881
486.5	-0.0160345 0.986833	1 1	0.99051 1.00881
487	-0.0160015 0.986716	1 1	0.990498 1.00881
487.5	-0.0159287 0.98639	1 1	0.990487 1.00881
488	-0.0159193 0.985833	1 1	0.990477 1.00882
488.5	-0.0159304 0.985093	1 1	0.990466 1.00884
489	-0.015955 0.984306	1 1	0.990457 1.00885
489.5	-0.0159386 0.984616	1 1	0.990447 1.00887
490	-0.0159293 0.98508	1 1	0.990437 1.00888
490.5	-0.0160062 0.985699	1 1	0.990428 1.00889
491	-0.0160502 0.986093	1 1	0.990418 1.00891
491.5	-0.0160572 0.986292	1 1	0.990408 1.00892
492	-0.0160263 0.986286	1 1	0.990397 1.00894
492.5	-0.0159625 0.986073	1 1	0.990387 1.00895
493	-0.0159392 0.985667	1 1	0.990378 1.00896
493.5	-0.0158869 0.985573	1 1	0.990368 1.00898
494	-0.0159278 0.986242	1 1	0.99036 1.00899
494.5	-0.0159294 0.986673	1 1	0.990352 1.009
495	-0.0159522 0.986888	1 1	0.990344 1.00901
495.5	-0.0160358 0.9869	1 1	0.990336 1.00902
496	-0.0160835 0.986714	1 1	0.990329 1.00903
496.5	-0.0160955 0.986345	1 1	0.990323 1.00904
497	-0.0160732 0.98576	1 1	0.990318 1.00905
497.5	-0.0160175 0.985004	1 1	0.990313 1.00906
498	-0.015974 0.98432	1 1	0.99031 1.00907
498.5	-0.0159064 0.984566	1 1	0.990306 1.00907
499	-0.0157972 0.985022	1 1	0.9903 1.00908
499.5	-0.01582 0.985657	1 1	0.990295 1.00909
500	-0.0159466 0.986073	1 1	0.99029 1.0091
500.5	-0.0160424 0.986308	1 1	0.990285 1.00911
501	-0.0161109 0.986365	1 1	0.99028 1.00911
501.5	-0.0161453 0.986233	1 1	0.990275 1.00912
502	-0.0161432 0.985887	1 1	0.990271 1.00913
502.5	-0.0161057 0.985338	1 1	0.990267 1.00913
503	-0.0160334 0.985789	1 1	0.990265 1.00914
503.5	-0.0159426 0.986215	1 1	0.990264 1.00914
504	-0.0158915 0.986434	1 1	0.990264 1.00915
504.5	-0.0158551 0.98648	1 1	0.990264 1.00915
505	-0.0159358 0.986343	1 1	0.990264 1.00916
505.5	-0.0160484 0.98603	1 1	0.990264 1.00916
506	-0.0161342 0.985523	1 1	0.990264 1.00916
506.5	-0.0161913 0.984837	1 1	0.990263 1.00917
507	-0.0162159 0.98438	1 1	0.990263 1.00917
507.5	-0.0162085 0.984147	1 1	0.990263 1.00917
508	-0.0161677 0.984924	1 1	0.990264 1.00917
508.5	-0.016094 0.9857	1 1	0.990266 1.00918
509	-0.0159864 0.98628	1 1	0.990269 1.00918
509.5	-0.0158731 0.986649	1 1	0.990272 1.00918
510	-0.0158789 0.98681	1 1	0.990276 1.00918
510.5	-0.0160147 0.986798	1 1	0.99028 1.00918
511	-0.0161258 0.986612	1 1	0.990284 1.00918
511.5	-0.0162093 0.98624	1 1	0.990289 1.00917
512	-0.0162647 0.985682	1 1	0.990293 1.00917
512.5	-0.0162891 0.984947	1 1	0.990297 1.00917
513	-0.0162816 0.984313	1 1	0.990301 1.00917
513.5	-0.016242 0.984505	1 1	0.990307 1.00917
514	-0.0161686 0.984551	1 1	0.990313 1.00917
514.5	-0.0160647 0.985272	1 1	0.990319 1.00916
515	-0.0159333 0.985816	1 1	0.990328 1.00916
515.5	-0.0159287 0.986201	1 1	0.990337 1.00915
516	-0.0160629 0.986406	1 1	0.990346 1.00915
516.5	-0.0161751 0.986432	1 1	0.990348 1.00917
517	-0.0162601 0.986291	1 1	0.990339 1.00918
517.5	-0.0163181 0.985968	1 1	0.990329 1.0092
518	-0.0163474 0.985466	1 1	0.99032 1.00921
518.5	-0.0163448 0.984857	1 1	0.990311 1.00922
519	-0.01631 0.985176	1 1	0.990302 1.00924
519.5	-0.0162417 0.985305	1 1	0.990292 1.00925
520	-0.0161615 0.985292	1 1	0.990284 1.00926
520.5	-0.0160729 0.985118	1 1	0.990277 1.00927
521	-0.0159595 0.985206	1 1	0.990271 1.00928
521.5	-0.0160888 0.985655	1 1	0.990265 1.00929
522	-0.0161978 0.985934	1 1	0.99026 1.0093
522.5	-0.0162841 0.986036	1 1	0.990253 1.00931
523	-0.0163445 0.985972	1 1	0.990247 1.00932
523.5	-0.0163772 0.985721	1 1	0.990241 1.00933
524	-0.0163903 0.985312	1 1	0.990235 1.00934
524.5	-0.0164083 0.985012	1 1	0.990229 1.00935
525	-0.0163945 0.985336	1 1	0.990223 1.00936
525.5	-0.0163477 0.985485	1 1	0.990217 1.00937
526	-0.0162688 0.985457	1 1	0.990211 1.00937
526.5	-0.0161632 0.985287	1 1	0.990207 1.00938
527	-0.0160988 0.98496	1 1	0.990204 1.00939
527.5	-0.016202 0.985362	1 1	0.990201 1.00939
528	-0.0162816 0.985727	1 1	0.990199 1.00939
528.5	-0.0163456 0.985913	1 1	0.990196 1.0094
529	-0.0164279 0.985933	1 1	0.990193 1.0094
529.5	-0.016484 0.985784	1 1	0.990191 1.00941
530	-0.0165127 0.985458	1 1	0.990188 1.00941
530.5	-0.0165123 0.984951	1 1	0.990186 1.00942
531	-0.0164794 0.984993	1 1	0.990183 1.00942
531.5	-0.0164106 0.985134	1 1	0.99018 1.00943
532	-0.0163244 0.985125	1 1	0.990178 1.00943
532.5	-0.0162828 0.984964	1 1	0.990178 1.00944
533	-0.0162133 0.984732	1 1	0.990178 1.00944
533.5	-0.0162888 0.985355	1 1	0.990178 1.00944
534	-0.0163937 0.98582	1 1	0.990179 1.00944
534.5	-0.0164759 0.986101	1 1	0.99018 1.00944
535	-0.0165331 0.986209	1 1	0.990181 1.00944
535.5	-0.016564 0.986136	1 1	0.990182 1.00944
536	-0.0165655 0.985883	1 1	0.990183 1.00944
536.5	-0.0165361 0.985462	1 1	0.990185 1.00944
537	-0.0165246 0.984852	1 1	0.990186 1.00944
537.5	-0.0165291 0.984184	1 1	0.990188 1.00944
538	-0.0165017 0.98416	1 1	0.99019 1.00944
538.5	-0.0164471 0.983974	1 1	0.990193 1.00944
539	-0.0163641 0.984663	1 1	0.990197 1.00944
539.5	-0.0163864 0.985342	1 1	0.990201 1.00943
540	-0.0164618 0.985873	1 1	0.990206 1.00943
540.5	-0.016512 0.98622	1 1	0.99021 1.00942
541	-0.0165354 0.986401	1 1	0.990215 1.00942
541.5	-0.0165453 0.986409	1 1	0.99022 1.00942
542	-0.0166099 0.986231	1 1	0.990225 1.00941
542.5	-0.0166468 0.985892	1 1	0.99023 1.00941
543	-0.0166554 0.985356	1 1	0.990236 1.0094
543.5	-0.0166342 0.984625	1 1	0.990242 1.0094
544	-0.0165822 0.98371	1 1	0.990248 1.0094
544.5	-0.0165021 0.983868	1 1	0.990254 1.00942
545	-0.0164845 0.984081	1 1	0.990245 1.00943
545.5	-0.0164737 0.984802	1 1	0.990236 1.00944
546	-0.0164387 0.985342	1 1	0.990228 1.00946
546.5	-0.0165042 0.985712	1 1	0.990218 1.00947
547	-0.0165892 0.98591	1 1	0.990208 1.00948
547.5	-0.0166471 0.985939	1 1	0.990198 1.0095
548	-0.0166759 0.985801	1 1	0.990187 1.00951
548.5	-0.0166754 0.985487	1 1	0.990176 1.00952
549	-0.0166448 0.984978	1 1	0.990168 1.00954
549.5	-0.0166286 0.984979	1 1	0.99016 1.00955
550	-0.0166697 0.985436	1 1	0.990151 1.00956
550.5	-0.0166839 0.985698	1 1	0.990144 1.00957
551	-0.0166715 0.985789	1 1	0.990138 1.00958
551.5	-0.0166337 0.98571	1 1	0.990133 1.00958
552	-0.0165667 0.985463	1 1	0.990127 1.00959
552.5	-0.0165318 0.985058	1 1	0.99012 1.0096
553	-0.0165664 0.984499	1 1	0.990112 1.00961
553.5	-0.0165746 0.983803	1 1	0.990106 1.00962
554	-0.0165836 0.98363	1 1	0.990101 1.00963
554.5	-0.0166637 0.98381	1 1	0.990097 1.00963
555	-0.0167205 0.984627	1 1	0.990093 1.00964
555.5	-0.0167518 0.985262	1 1	0.990089 1.00964
556	-0.0167557 0.985705	1 1	0.990086 1.00965
556.5	-0.016732 0.985988	1 1	0.990082 1.00965
557	-0.0166788 0.986109	1 1	0.990079 1.00966
557.5	-0.0166212 0.98607	1 1	0.990076 1.00966
558	-0.0166699 0.985862	1 1	0.990072 1.00966
558.5	-0.0166897 0.985469	1 1	0.990069 1.00967
559	-0.0166806 0.98487	1 1	0.990066 1.00967
559.5	-0.0166429 0.984775	1 1	0.990063 1.00968
560	-0.0166383 0.985244	1 1	0.990061 1.00968
560.5	-0.0166703 0.98551	1 1	0.99006 1.00968
561	-0.0166754 0.985611	1 1	0.99006 1.00968
561.5	-0.0166503 0.98553	1 1	0.990059 1.00968
562	-0.0166416 0.985291	1 1	0.99006 1.00968
562.5	-0.0167173 0.984901	1 1	0.99006 1.00968
563	-0.0167671 0.98436	1 1	0.990059 1.00968
563.5	-0.0167884 0.983628	1 1	0.990059 1.00968
564	-0.0167822 0.983097	1 1	0.99006 1.00968
564.5	-0.0167497 0.983711	1 1	0.990063 1.00968
565	-0.0166893 0.984468	1 1	0.990066 1.00967
565.5	-0.0165973 0.98503	1 1	0.990069 1.00967
566	-0.0166497 0.985408	1 1	0.990072 1.00966
566.5	-0.0166848 0.985624	1 1	0.990076 1.00966
567	-0.0166955 0.985684	1 1	0.99008 1.00965
567.5	-0.0166806 0.985588	1 1	0.990085 1.00965
568	-0.016687 0.985298	1 1	0.990089 1.00964
568.5	-0.0167028 0.984825	1 1	0.990094 1.00964
569	-0.0166896 0.984612	1 1	0.990099 1.00963
569.5	-0.0166462 0.985232	1 1	0.990103 1.00963
570	-0.0166409 0.985669	1 1	0.990108 1.00964
570.5	-0.0167171 0.985929	1 1	0.990114 1.00966
571	-0.0167692 0.986022	1 1	0.99012 1.00968
571.5	-0.0167948 0.985954	1 1	0.990127 1.0097
572	-0.0167923 0.985734	1 1	0.990135 1.00971
572.5	-0.0167611 0.985346	1 1	0.990143 1.00973
573	-0.0167007 0.984798	1 1	0.990151 1.00974
573.5	-0.0166102 0.984072	1 1	0.99016 1.00976
574	-0.0166228 0.984525	1 1	0.990168 1.00977
574.5	-0.0166778 0.984893	1 1	0.990178 1.00978
575	-0.0167077 0.985096	1 1	0.990187 1.0098
575.5	-0.01671 0.985118	1 1	0.990177 1.00981
576	-0.0166857 0.984962	1 1	0.990163 1.00982
576.5	-0.0166791 0.984673	1 1	0.990149 1.00984
577	-0.0166462 0.984239	1 1	0.990136 1.00985
577.5	-0.016586 0.983623	1 1	0.990124 1.00986
578	-0.0166129 0.982805	1 1	0.990114 1.00987
578.5	-0.0166906 0.983212	1 1	0.990105 1.00988
579	-0.0167455 0.98393	1 1	0.990095 1.00988
579.5	-0.0167752 0.984465	1 1	0.990085 1.00989
580	-0.0167768 0.984808	1 1	0.990074 1.0099
580.5	-0.0167494 0.984961	1 1	0.990064 1.00991
581	-0.0166923 0.984969	1 1	0.990054 1.00992
581.5	-0.0166068 0.984833	1 1	0.990044 1.00992
582	-0.0165843 0.984526	1 1	0.990036 1.00993
582.5	-0.0166575 0.984035	1 1	0.990028 1.00993
583	-0.0167055 0.984222	1 1	0.990022 1.00993
583.5	-0.0167294 0.98486	1 1	0.990015 1.00994
584	-0.0167289 0.985317	1 1	0.990009 1.00994
584.5	-0.0167021 0.985569	1 1	0.990003 1.00994
585	-0.0166453 0.985673	1 1	0.989996 1.00994
585.5	-0.0165591 0.985623	1 1	0.989989 1.00995
586	-0.0165409 0.985422	1 1	0.989983 1.00995
586.5	-0.0166238 0.985042	1 1	0.989979 1.00995
587	-0.0166829 0.984488	1 1	0.989974 1.00995
587.5	-0.0167153 0.984574	1 1	0.989969 1.00995
588	-0.0167207 0.985162	1 1	0.989966 1.00995
588.5	-0.0166985 0.985557	1 1	0.989963 1.00994
589	-0.0166469 0.985796	1 1	0.98996 1.00994
589.5	-0.0165646 0.985871	1 1	0.989957 1.00994
590	-0.016527 0.985775	1 1	0.989954 1.00993
590.5	-0.0166164 0.985526	1 1	0.989952 1.00993
591	-0.01668 0.985107	1 1	0.98995 1.00992
591.5	-0.0167187 0.984535	1 1	0.989949 1.00992
592	-0.0167316 0.984599	1 1	0.989949 1.00991
592.5	-0.0167178 0.985171	1 1	0.989949 1.00991
593	-0.016676 0.985562	1 1	0.989949 1.00991
593.5	-0.0166055 0.985779	1 1	0.98995 1.00993
594	-0.0165044 0.985823	1 1	0.989951 1.00995
594.5	-0.0165141 0.985702	1 1	0.989952 1.00997
595	-0.0165669 0.985433	1 1	0.989954 1.01
595.5	-0.0166056 0.985008	1 1	0.989957 1.01002
596	-0.0166433 0.984415	1 1	0.98996 1.01003
596.5	-0.016656 0.984556	1 1	0.989963 1.01005
597	-0.0166423 0.985108	1 1	0.989967 1.01007
597.5	-0.0166003 0.985499	1 1	0.989971 1.01009
598	-0.0165298 0.985707	1 1	0.989976 1.01011
598.5	-0.0165491 0.985735	1 1	0.989981 1.01012
599	-0.0166157 0.985609	1 1	0.989987 1.01014
599.5	-0.0166556 0.985336	1 1	0.989994 1.01015
600	-0.0166693 0.984899	1 1	0.990001 1.01017
