0
400000
800000
1200000
1600000
2000000
2400000
2800000
3200000
3600000
4000000
4400000
4800000
5200000
5600000
6000000
6400000
6800000
7200000
7600000
8000000
8400000
8800000
9200000
9600000
10000000
10400000
10800000
11200000
11600000
12000000
12400000
12800000
13200000
13600000
14000000
14400000
14800000
15200000
15600000
16000000
16400000
16800000
17200000
17600000
18000000
18400000
18800000
19200000
19600000
20000000
20400000
20800000
21200000
21600000
22000000
22400000
22800000
23200000
23600000
24000000
24400000
24800000
25200000
25600000
26000000
26400000
26800000
27200000
27600000
28000000
28400000
28800000
29200000
29600000
30000000
30400000
30800000
31200000
31600000
32000000
32400000
32800000
33200000
33600000
34000000
34400000
34800000
35200000
35600000
36000000
36400000
36800000
37200000
37600000
38000000
38400000
38800000
39200000
39600000
40000000
