/*--------------------------------*- C++ -*----------------------------------*\
| =========                 |                                                 |
| \\      /  F ield         | OpenFOAM: The Open Source CFD Toolbox           |
|  \\    /   O peration     | Version:  dev                                   |
|   \\  /    A nd           | Web:      www.OpenFOAM.org                      |
|    \\/     M anipulation  |                                                 |
\*---------------------------------------------------------------------------*/
FoamFile
{
    version     2.0;
    format      ascii;
    class       vectorField;
    location    "constant/polyMesh";
    object      points;
}
// * * * * * * * * * * * * * * * * * * * * * * * * * * * * * * * * * * * * * //


404
(
(0 0 0)
(400000 0 0)
(800000 0 0)
(1200000 0 0)
(1600000 0 0)
(2000000 0 0)
(2400000 0 0)
(2800000 0 0)
(3200000 0 0)
(3600000 0 0)
(4000000 0 0)
(4400000 0 0)
(4800000 0 0)
(5200000 0 0)
(5600000 0 0)
(6000000 0 0)
(6400000 0 0)
(6800000 0 0)
(7200000 0 0)
(7600000 0 0)
(8000000 0 0)
(8400000 0 0)
(8800000 0 0)
(9200000 0 0)
(9600000 0 0)
(10000000 0 0)
(10400000 0 0)
(10800000 0 0)
(11200000 0 0)
(11600000 0 0)
(12000000 0 0)
(12400000 0 0)
(12800000 0 0)
(13200000 0 0)
(13600000 0 0)
(14000000 0 0)
(14400000 0 0)
(14800000 0 0)
(15200000 0 0)
(15600000 0 0)
(16000000 0 0)
(16400000 0 0)
(16800000 0 0)
(17200000 0 0)
(17600000 0 0)
(18000000 0 0)
(18400000 0 0)
(18800000 0 0)
(19200000 0 0)
(19600000 0 0)
(20000000 0 0)
(20400000 0 0)
(20800000 0 0)
(21200000 0 0)
(21600000 0 0)
(22000000 0 0)
(22400000 0 0)
(22800000 0 0)
(23200000 0 0)
(23600000 0 0)
(24000000 0 0)
(24400000 0 0)
(24800000 0 0)
(25200000 0 0)
(25600000 0 0)
(26000000 0 0)
(26400000 0 0)
(26800000 0 0)
(27200000 0 0)
(27600000 0 0)
(28000000 0 0)
(28400000 0 0)
(28800000 0 0)
(29200000 0 0)
(29600000 0 0)
(30000000 0 0)
(30400000 0 0)
(30800000 0 0)
(31200000 0 0)
(31600000 0 0)
(32000000 0 0)
(32400000 0 0)
(32800000 0 0)
(33200000 0 0)
(33600000 0 0)
(34000000 0 0)
(34400000 0 0)
(34800000 0 0)
(35200000 0 0)
(35600000 0 0)
(36000000 0 0)
(36400000 0 0)
(36800000 0 0)
(37200000 0 0)
(37600000 0 0)
(38000000 0 0)
(38400000 0 0)
(38800000 0 0)
(39200000 0 0)
(39600000 0 0)
(40000000 0 0)
(0 100000 0)
(400000 100000 0)
(800000 100000 0)
(1200000 100000 0)
(1600000 100000 0)
(2000000 100000 0)
(2400000 100000 0)
(2800000 100000 0)
(3200000 100000 0)
(3600000 100000 0)
(4000000 100000 0)
(4400000 100000 0)
(4800000 100000 0)
(5200000 100000 0)
(5600000 100000 0)
(6000000 100000 0)
(6400000 100000 0)
(6800000 100000 0)
(7200000 100000 0)
(7600000 100000 0)
(8000000 100000 0)
(8400000 100000 0)
(8800000 100000 0)
(9200000 100000 0)
(9600000 100000 0)
(10000000 100000 0)
(10400000 100000 0)
(10800000 100000 0)
(11200000 100000 0)
(11600000 100000 0)
(12000000 100000 0)
(12400000 100000 0)
(12800000 100000 0)
(13200000 100000 0)
(13600000 100000 0)
(14000000 100000 0)
(14400000 100000 0)
(14800000 100000 0)
(15200000 100000 0)
(15600000 100000 0)
(16000000 100000 0)
(16400000 100000 0)
(16800000 100000 0)
(17200000 100000 0)
(17600000 100000 0)
(18000000 100000 0)
(18400000 100000 0)
(18800000 100000 0)
(19200000 100000 0)
(19600000 100000 0)
(20000000 100000 0)
(20400000 100000 0)
(20800000 100000 0)
(21200000 100000 0)
(21600000 100000 0)
(22000000 100000 0)
(22400000 100000 0)
(22800000 100000 0)
(23200000 100000 0)
(23600000 100000 0)
(24000000 100000 0)
(24400000 100000 0)
(24800000 100000 0)
(25200000 100000 0)
(25600000 100000 0)
(26000000 100000 0)
(26400000 100000 0)
(26800000 100000 0)
(27200000 100000 0)
(27600000 100000 0)
(28000000 100000 0)
(28400000 100000 0)
(28800000 100000 0)
(29200000 100000 0)
(29600000 100000 0)
(30000000 100000 0)
(30400000 100000 0)
(30800000 100000 0)
(31200000 100000 0)
(31600000 100000 0)
(32000000 100000 0)
(32400000 100000 0)
(32800000 100000 0)
(33200000 100000 0)
(33600000 100000 0)
(34000000 100000 0)
(34400000 100000 0)
(34800000 100000 0)
(35200000 100000 0)
(35600000 100000 0)
(36000000 100000 0)
(36400000 100000 0)
(36800000 100000 0)
(37200000 100000 0)
(37600000 100000 0)
(38000000 100000 0)
(38400000 100000 0)
(38800000 100000 0)
(39200000 100000 0)
(39600000 100000 0)
(40000000 100000 0)
(0 0 100000)
(400000 0 100000)
(800000 0 100000)
(1200000 0 100000)
(1600000 0 100000)
(2000000 0 100000)
(2400000 0 100000)
(2800000 0 100000)
(3200000 0 100000)
(3600000 0 100000)
(4000000 0 100000)
(4400000 0 100000)
(4800000 0 100000)
(5200000 0 100000)
(5600000 0 100000)
(6000000 0 100000)
(6400000 0 100000)
(6800000 0 100000)
(7200000 0 100000)
(7600000 0 100000)
(8000000 0 100000)
(8400000 0 100000)
(8800000 0 100000)
(9200000 0 100000)
(9600000 0 100000)
(10000000 0 100000)
(10400000 0 100000)
(10800000 0 100000)
(11200000 0 100000)
(11600000 0 100000)
(12000000 0 100000)
(12400000 0 100000)
(12800000 0 100000)
(13200000 0 100000)
(13600000 0 100000)
(14000000 0 100000)
(14400000 0 100000)
(14800000 0 100000)
(15200000 0 100000)
(15600000 0 100000)
(16000000 0 100000)
(16400000 0 100000)
(16800000 0 100000)
(17200000 0 100000)
(17600000 0 100000)
(18000000 0 100000)
(18400000 0 100000)
(18800000 0 100000)
(19200000 0 100000)
(19600000 0 100000)
(20000000 0 100000)
(20400000 0 100000)
(20800000 0 100000)
(21200000 0 100000)
(21600000 0 100000)
(22000000 0 100000)
(22400000 0 100000)
(22800000 0 100000)
(23200000 0 100000)
(23600000 0 100000)
(24000000 0 100000)
(24400000 0 100000)
(24800000 0 100000)
(25200000 0 100000)
(25600000 0 100000)
(26000000 0 100000)
(26400000 0 100000)
(26800000 0 100000)
(27200000 0 100000)
(27600000 0 100000)
(28000000 0 100000)
(28400000 0 100000)
(28800000 0 100000)
(29200000 0 100000)
(29600000 0 100000)
(30000000 0 100000)
(30400000 0 100000)
(30800000 0 100000)
(31200000 0 100000)
(31600000 0 100000)
(32000000 0 100000)
(32400000 0 100000)
(32800000 0 100000)
(33200000 0 100000)
(33600000 0 100000)
(34000000 0 100000)
(34400000 0 100000)
(34800000 0 100000)
(35200000 0 100000)
(35600000 0 100000)
(36000000 0 100000)
(36400000 0 100000)
(36800000 0 100000)
(37200000 0 100000)
(37600000 0 100000)
(38000000 0 100000)
(38400000 0 100000)
(38800000 0 100000)
(39200000 0 100000)
(39600000 0 100000)
(40000000 0 100000)
(0 100000 100000)
(400000 100000 100000)
(800000 100000 100000)
(1200000 100000 100000)
(1600000 100000 100000)
(2000000 100000 100000)
(2400000 100000 100000)
(2800000 100000 100000)
(3200000 100000 100000)
(3600000 100000 100000)
(4000000 100000 100000)
(4400000 100000 100000)
(4800000 100000 100000)
(5200000 100000 100000)
(5600000 100000 100000)
(6000000 100000 100000)
(6400000 100000 100000)
(6800000 100000 100000)
(7200000 100000 100000)
(7600000 100000 100000)
(8000000 100000 100000)
(8400000 100000 100000)
(8800000 100000 100000)
(9200000 100000 100000)
(9600000 100000 100000)
(10000000 100000 100000)
(10400000 100000 100000)
(10800000 100000 100000)
(11200000 100000 100000)
(11600000 100000 100000)
(12000000 100000 100000)
(12400000 100000 100000)
(12800000 100000 100000)
(13200000 100000 100000)
(13600000 100000 100000)
(14000000 100000 100000)
(14400000 100000 100000)
(14800000 100000 100000)
(15200000 100000 100000)
(15600000 100000 100000)
(16000000 100000 100000)
(16400000 100000 100000)
(16800000 100000 100000)
(17200000 100000 100000)
(17600000 100000 100000)
(18000000 100000 100000)
(18400000 100000 100000)
(18800000 100000 100000)
(19200000 100000 100000)
(19600000 100000 100000)
(20000000 100000 100000)
(20400000 100000 100000)
(20800000 100000 100000)
(21200000 100000 100000)
(21600000 100000 100000)
(22000000 100000 100000)
(22400000 100000 100000)
(22800000 100000 100000)
(23200000 100000 100000)
(23600000 100000 100000)
(24000000 100000 100000)
(24400000 100000 100000)
(24800000 100000 100000)
(25200000 100000 100000)
(25600000 100000 100000)
(26000000 100000 100000)
(26400000 100000 100000)
(26800000 100000 100000)
(27200000 100000 100000)
(27600000 100000 100000)
(28000000 100000 100000)
(28400000 100000 100000)
(28800000 100000 100000)
(29200000 100000 100000)
(29600000 100000 100000)
(30000000 100000 100000)
(30400000 100000 100000)
(30800000 100000 100000)
(31200000 100000 100000)
(31600000 100000 100000)
(32000000 100000 100000)
(32400000 100000 100000)
(32800000 100000 100000)
(33200000 100000 100000)
(33600000 100000 100000)
(34000000 100000 100000)
(34400000 100000 100000)
(34800000 100000 100000)
(35200000 100000 100000)
(35600000 100000 100000)
(36000000 100000 100000)
(36400000 100000 100000)
(36800000 100000 100000)
(37200000 100000 100000)
(37600000 100000 100000)
(38000000 100000 100000)
(38400000 100000 100000)
(38800000 100000 100000)
(39200000 100000 100000)
(39600000 100000 100000)
(40000000 100000 100000)
)


// ************************************************************************* //
