/*--------------------------------*- C++ -*----------------------------------*\
| =========                 |                                                 |
| \\      /  F ield         | OpenFOAM: The Open Source CFD Toolbox           |
|  \\    /   O peration     | Version:  dev                                   |
|   \\  /    A nd           | Web:      www.OpenFOAM.org                      |
|    \\/     M anipulation  |                                                 |
\*---------------------------------------------------------------------------*/
FoamFile
{
    version     2.0;
    format      ascii;
    class       labelList;
    note        "nPoints: 5792 nCells: 2700 nFaces: 10995 nInternalFaces: 5205";
    location    "constant/polyMesh";
    object      neighbour;
}
// * * * * * * * * * * * * * * * * * * * * * * * * * * * * * * * * * * * * * //


5205
(
1
180
2
181
3
182
4
183
5
184
6
185
7
186
8
187
9
188
10
189
11
190
12
191
13
192
14
193
15
194
16
195
17
196
18
197
19
198
20
199
21
200
22
201
23
202
24
203
25
204
26
205
27
206
28
207
29
208
30
209
31
210
32
211
33
212
34
213
35
214
36
215
37
216
38
217
39
218
40
219
41
220
42
221
43
222
44
223
45
224
46
225
47
226
48
227
49
228
50
229
51
230
52
231
53
232
54
233
55
234
56
235
57
236
58
237
59
238
60
239
61
240
62
241
63
242
64
243
65
244
66
245
67
246
68
247
69
248
70
249
71
250
72
251
73
252
74
253
75
254
76
255
77
256
78
257
79
258
80
259
81
260
82
261
83
262
84
263
85
264
86
265
87
266
88
267
89
268
90
269
91
270
92
271
93
272
94
273
95
274
96
275
97
276
98
277
99
278
100
279
101
280
102
281
103
282
104
283
105
284
106
285
107
286
108
287
109
288
110
289
111
290
112
291
113
292
114
293
115
294
116
295
117
296
118
297
119
298
120
299
121
300
122
301
123
302
124
303
125
304
126
305
127
306
128
307
129
308
130
309
131
310
132
311
133
312
134
313
135
314
136
315
137
316
138
317
139
318
140
319
141
320
142
321
143
322
144
323
145
324
146
325
147
326
148
327
149
328
150
329
151
330
152
331
153
332
154
333
155
334
156
335
157
336
158
337
159
338
160
339
161
340
162
341
163
342
164
343
165
344
166
345
167
346
168
347
169
348
170
349
171
350
172
351
173
352
174
353
175
354
176
355
177
356
178
357
179
358
359
181
360
182
361
183
362
184
363
185
364
186
365
187
366
188
367
189
368
190
369
191
370
192
371
193
372
194
373
195
374
196
375
197
376
198
377
199
378
200
379
201
380
202
381
203
382
204
383
205
384
206
385
207
386
208
387
209
388
210
389
211
390
212
391
213
392
214
393
215
394
216
395
217
396
218
397
219
398
220
399
221
400
222
401
223
402
224
403
225
404
226
405
227
406
228
407
229
408
230
409
231
410
232
411
233
412
234
413
235
414
236
415
237
416
238
417
239
418
240
419
241
420
242
421
243
422
244
423
245
424
246
425
247
426
248
427
249
428
250
429
251
430
252
431
253
432
254
433
255
434
256
435
257
436
258
437
259
438
260
439
261
440
262
441
263
442
264
443
265
444
266
445
267
446
268
447
269
448
270
449
271
450
272
451
273
452
274
453
275
454
276
455
277
456
278
457
279
458
280
459
281
460
282
461
283
462
284
463
285
464
286
465
287
466
288
467
289
468
290
469
291
470
292
471
293
472
294
473
295
474
296
475
297
476
298
477
299
478
300
479
301
480
302
481
303
482
304
483
305
484
306
485
307
486
308
487
309
488
310
489
311
490
312
491
313
492
314
493
315
494
316
495
317
496
318
497
319
498
320
499
321
500
322
501
323
502
324
503
325
504
326
505
327
506
328
507
329
508
330
509
331
510
332
511
333
512
334
513
335
514
336
515
337
516
338
517
339
518
340
519
341
520
342
521
343
522
344
523
345
524
346
525
347
526
348
527
349
528
350
529
351
530
352
531
353
532
354
533
355
534
356
535
357
536
358
537
359
538
539
361
540
362
541
363
542
364
543
365
544
366
545
367
546
368
547
369
548
370
549
371
550
372
551
373
552
374
553
375
554
376
555
377
556
378
557
379
558
380
559
381
560
382
561
383
562
384
563
385
564
386
565
387
566
388
567
389
568
390
569
391
570
392
571
393
572
394
573
395
574
396
575
397
576
398
577
399
578
400
579
401
580
402
581
403
582
404
583
405
584
406
585
407
586
408
587
409
588
410
589
411
590
412
591
413
592
414
593
415
594
416
595
417
596
418
597
419
598
420
599
421
600
422
601
423
602
424
603
425
604
426
605
427
606
428
607
429
608
430
609
431
610
432
611
433
612
434
613
435
614
436
615
437
616
438
617
439
618
440
619
441
620
442
621
443
622
444
623
445
624
446
625
447
626
448
627
449
628
450
629
451
630
452
631
453
632
454
633
455
634
456
635
457
636
458
637
459
638
460
639
461
640
462
641
463
642
464
643
465
644
466
645
467
646
468
647
469
648
470
649
471
650
472
651
473
652
474
653
475
654
476
655
477
656
478
657
479
658
480
659
481
660
482
661
483
662
484
663
485
664
486
665
487
666
488
667
489
668
490
669
491
670
492
671
493
672
494
673
495
674
496
675
497
676
498
677
499
678
500
679
501
680
502
681
503
682
504
683
505
684
506
685
507
686
508
687
509
688
510
689
511
690
512
691
513
692
514
693
515
694
516
695
517
696
518
697
519
698
520
699
521
700
522
701
523
702
524
703
525
704
526
705
527
706
528
707
529
708
530
709
531
710
532
711
533
712
534
713
535
714
536
715
537
716
538
717
539
718
719
541
720
542
721
543
722
544
723
545
724
546
725
547
726
548
727
549
728
550
729
551
730
552
731
553
732
554
733
555
734
556
735
557
736
558
737
559
738
560
739
561
740
562
741
563
742
564
743
565
744
566
745
567
746
568
747
569
748
570
749
571
750
572
751
573
752
574
753
575
754
576
755
577
756
578
757
579
758
580
759
581
760
582
761
583
762
584
763
585
764
586
765
587
766
588
767
589
768
590
769
591
770
592
771
593
772
594
773
595
774
596
775
597
776
598
777
599
778
600
779
601
780
602
781
603
782
604
783
605
784
606
785
607
786
608
787
609
788
610
789
611
790
612
791
613
792
614
793
615
794
616
795
617
796
618
797
619
798
620
799
621
800
622
801
623
802
624
803
625
804
626
805
627
806
628
807
629
808
630
809
631
810
632
811
633
812
634
813
635
814
636
815
637
816
638
817
639
818
640
819
641
820
642
821
643
822
644
823
645
824
646
825
647
826
648
827
649
828
650
829
651
830
652
831
653
832
654
833
655
834
656
835
657
836
658
837
659
838
660
839
661
840
662
841
663
842
664
843
665
844
666
845
667
846
668
847
669
848
670
849
671
850
672
851
673
852
674
853
675
854
676
855
677
856
678
857
679
858
680
859
681
860
682
861
683
862
684
863
685
864
686
865
687
866
688
867
689
868
690
869
691
870
692
871
693
872
694
873
695
874
696
875
697
876
698
877
699
878
700
879
701
880
702
881
703
882
704
883
705
884
706
885
707
886
708
887
709
888
710
889
711
890
712
891
713
892
714
893
715
894
716
895
717
896
718
897
719
898
899
721
900
722
901
723
902
724
903
725
904
726
905
727
906
728
907
729
908
730
909
731
910
732
911
733
912
734
913
735
914
736
915
737
916
738
917
739
918
740
919
741
920
742
921
743
922
744
923
745
924
746
925
747
926
748
927
749
928
750
929
751
930
752
931
753
932
754
933
755
934
756
935
757
936
758
937
759
938
760
939
761
940
762
941
763
942
764
943
765
944
766
945
767
946
768
947
769
948
770
949
771
950
772
951
773
952
774
953
775
954
776
955
777
956
778
957
779
958
780
959
781
960
782
961
783
962
784
963
785
964
786
965
787
966
788
967
789
968
790
969
791
970
792
971
793
972
794
973
795
974
796
975
797
976
798
977
799
978
800
979
801
980
802
981
803
982
804
983
805
984
806
985
807
986
808
987
809
988
810
989
811
990
812
991
813
992
814
993
815
994
816
995
817
996
818
997
819
998
820
999
821
1000
822
1001
823
1002
824
1003
825
1004
826
1005
827
1006
828
1007
829
1008
830
1009
831
1010
832
1011
833
1012
834
1013
835
1014
836
1015
837
1016
838
1017
839
1018
840
1019
841
1020
842
1021
843
1022
844
1023
845
1024
846
1025
847
1026
848
1027
849
1028
850
1029
851
1030
852
1031
853
1032
854
1033
855
1034
856
1035
857
1036
858
1037
859
1038
860
1039
861
1040
862
1041
863
1042
864
1043
865
1044
866
1045
867
1046
868
1047
869
1048
870
1049
871
1050
872
1051
873
1052
874
1053
875
1054
876
1055
877
1056
878
1057
879
1058
880
1059
881
1060
882
1061
883
1062
884
1063
885
1064
886
1065
887
1066
888
1067
889
1068
890
1069
891
1070
892
1071
893
1072
894
1073
895
1074
896
1075
897
1076
898
1077
899
1078
1079
901
1080
902
1081
903
1082
904
1083
905
1084
906
1085
907
1086
908
1087
909
1088
910
1089
911
1090
912
1091
913
1092
914
1093
915
1094
916
1095
917
1096
918
1097
919
1098
920
1099
921
1100
922
1101
923
1102
924
1103
925
1104
926
1105
927
1106
928
1107
929
1108
930
1109
931
1110
932
1111
933
1112
934
1113
935
1114
936
1115
937
1116
938
1117
939
1118
940
1119
941
1120
942
1121
943
1122
944
1123
945
1124
946
1125
947
1126
948
1127
949
1128
950
1129
951
1130
952
1131
953
1132
954
1133
955
1134
956
1135
957
1136
958
1137
959
1138
960
1139
961
1140
962
1141
963
1142
964
1143
965
1144
966
1145
967
1146
968
1147
969
1148
970
1149
971
1150
972
1151
973
1152
974
1153
975
1154
976
1155
977
1156
978
1157
979
1158
980
1159
981
1160
982
1161
983
1162
984
1163
985
1164
986
1165
987
1166
988
1167
989
1168
990
1169
991
1170
992
1171
993
1172
994
1173
995
1174
996
1175
997
1176
998
1177
999
1178
1000
1179
1001
1180
1002
1181
1003
1182
1004
1183
1005
1184
1006
1185
1007
1186
1008
1187
1009
1188
1010
1189
1011
1190
1012
1191
1013
1192
1014
1193
1015
1194
1016
1195
1017
1196
1018
1197
1019
1198
1020
1199
1021
1200
1022
1201
1023
1202
1024
1203
1025
1204
1026
1205
1027
1206
1028
1207
1029
1208
1030
1209
1031
1210
1032
1211
1033
1212
1034
1213
1035
1214
1036
1215
1037
1216
1038
1217
1039
1218
1040
1219
1041
1220
1042
1221
1043
1222
1044
1223
1045
1224
1046
1225
1047
1226
1048
1227
1049
1228
1050
1229
1051
1230
1052
1231
1053
1232
1054
1233
1055
1234
1056
1235
1057
1236
1058
1237
1059
1238
1060
1239
1061
1240
1062
1241
1063
1242
1064
1243
1065
1244
1066
1245
1067
1246
1068
1247
1069
1248
1070
1249
1071
1250
1072
1251
1073
1252
1074
1253
1075
1254
1076
1255
1077
1256
1078
1257
1079
1258
1259
1081
1260
1082
1261
1083
1262
1084
1263
1085
1264
1086
1265
1087
1266
1088
1267
1089
1268
1090
1269
1091
1270
1092
1271
1093
1272
1094
1273
1095
1274
1096
1275
1097
1276
1098
1277
1099
1278
1100
1279
1101
1280
1102
1281
1103
1282
1104
1283
1105
1284
1106
1285
1107
1286
1108
1287
1109
1288
1110
1289
1111
1290
1112
1291
1113
1292
1114
1293
1115
1294
1116
1295
1117
1296
1118
1297
1119
1298
1120
1299
1121
1300
1122
1301
1123
1302
1124
1303
1125
1304
1126
1305
1127
1306
1128
1307
1129
1308
1130
1309
1131
1310
1132
1311
1133
1312
1134
1313
1135
1314
1136
1315
1137
1316
1138
1317
1139
1318
1140
1319
1141
1320
1142
1321
1143
1322
1144
1323
1145
1324
1146
1325
1147
1326
1148
1327
1149
1328
1150
1329
1151
1330
1152
1331
1153
1332
1154
1333
1155
1334
1156
1335
1157
1336
1158
1337
1159
1338
1160
1339
1161
1340
1162
1341
1163
1342
1164
1343
1165
1344
1166
1345
1167
1346
1168
1347
1169
1348
1170
1349
1171
1350
1172
1351
1173
1352
1174
1353
1175
1354
1176
1355
1177
1356
1178
1357
1179
1358
1180
1359
1181
1360
1182
1361
1183
1362
1184
1363
1185
1364
1186
1365
1187
1366
1188
1367
1189
1368
1190
1369
1191
1370
1192
1371
1193
1372
1194
1373
1195
1374
1196
1375
1197
1376
1198
1377
1199
1378
1200
1379
1201
1380
1202
1381
1203
1382
1204
1383
1205
1384
1206
1385
1207
1386
1208
1387
1209
1388
1210
1389
1211
1390
1212
1391
1213
1392
1214
1393
1215
1394
1216
1395
1217
1396
1218
1397
1219
1398
1220
1399
1221
1400
1222
1401
1223
1402
1224
1403
1225
1404
1226
1405
1227
1406
1228
1407
1229
1408
1230
1409
1231
1410
1232
1411
1233
1412
1234
1413
1235
1414
1236
1415
1237
1416
1238
1417
1239
1418
1240
1419
1241
1420
1242
1421
1243
1422
1244
1423
1245
1424
1246
1425
1247
1426
1248
1427
1249
1428
1250
1429
1251
1430
1252
1431
1253
1432
1254
1433
1255
1434
1256
1435
1257
1436
1258
1437
1259
1438
1439
1261
1440
1262
1441
1263
1442
1264
1443
1265
1444
1266
1445
1267
1446
1268
1447
1269
1448
1270
1449
1271
1450
1272
1451
1273
1452
1274
1453
1275
1454
1276
1455
1277
1456
1278
1457
1279
1458
1280
1459
1281
1460
1282
1461
1283
1462
1284
1463
1285
1464
1286
1465
1287
1466
1288
1467
1289
1468
1290
1469
1291
1470
1292
1471
1293
1472
1294
1473
1295
1474
1296
1475
1297
1476
1298
1477
1299
1478
1300
1479
1301
1480
1302
1481
1303
1482
1304
1483
1305
1484
1306
1485
1307
1486
1308
1487
1309
1488
1310
1489
1311
1490
1312
1491
1313
1492
1314
1493
1315
1494
1316
1495
1317
1496
1318
1497
1319
1498
1320
1499
1321
1500
1322
1501
1323
1502
1324
1503
1325
1504
1326
1505
1327
1506
1328
1507
1329
1508
1330
1509
1331
1510
1332
1511
1333
1512
1334
1513
1335
1514
1336
1515
1337
1516
1338
1517
1339
1518
1340
1519
1341
1520
1342
1521
1343
1522
1344
1523
1345
1524
1346
1525
1347
1526
1348
1527
1349
1528
1350
1529
1351
1530
1352
1531
1353
1532
1354
1533
1355
1534
1356
1535
1357
1536
1358
1537
1359
1538
1360
1539
1361
1540
1362
1541
1363
1542
1364
1543
1365
1544
1366
1545
1367
1546
1368
1547
1369
1548
1370
1549
1371
1550
1372
1551
1373
1552
1374
1553
1375
1554
1376
1555
1377
1556
1378
1557
1379
1558
1380
1559
1381
1560
1382
1561
1383
1562
1384
1563
1385
1564
1386
1565
1387
1566
1388
1567
1389
1568
1390
1569
1391
1570
1392
1571
1393
1572
1394
1573
1395
1574
1396
1575
1397
1576
1398
1577
1399
1578
1400
1579
1401
1580
1402
1581
1403
1582
1404
1583
1405
1584
1406
1585
1407
1586
1408
1587
1409
1588
1410
1589
1411
1590
1412
1591
1413
1592
1414
1593
1415
1594
1416
1595
1417
1596
1418
1597
1419
1598
1420
1599
1421
1600
1422
1601
1423
1602
1424
1603
1425
1604
1426
1605
1427
1606
1428
1607
1429
1608
1430
1609
1431
1610
1432
1611
1433
1612
1434
1613
1435
1614
1436
1615
1437
1616
1438
1617
1439
1618
1619
1441
1620
1442
1621
1443
1622
1444
1623
1445
1624
1446
1625
1447
1626
1448
1627
1449
1628
1450
1629
1451
1630
1452
1631
1453
1632
1454
1633
1455
1634
1456
1635
1457
1636
1458
1637
1459
1638
1460
1639
1461
1640
1462
1641
1463
1642
1464
1643
1465
1644
1466
1645
1467
1646
1468
1647
1469
1648
1470
1649
1471
1650
1472
1651
1473
1652
1474
1653
1475
1654
1476
1655
1477
1656
1478
1657
1479
1658
1480
1659
1481
1660
1482
1661
1483
1662
1484
1663
1485
1664
1486
1665
1487
1666
1488
1667
1489
1668
1490
1669
1491
1670
1492
1671
1493
1672
1494
1673
1495
1674
1496
1675
1497
1676
1498
1677
1499
1678
1500
1679
1501
1680
1502
1681
1503
1682
1504
1683
1505
1684
1506
1685
1507
1686
1508
1687
1509
1688
1510
1689
1511
1690
1512
1691
1513
1692
1514
1693
1515
1694
1516
1695
1517
1696
1518
1697
1519
1698
1520
1699
1521
1700
1522
1701
1523
1702
1524
1703
1525
1704
1526
1705
1527
1706
1528
1707
1529
1708
1530
1709
1531
1710
1532
1711
1533
1712
1534
1713
1535
1714
1536
1715
1537
1716
1538
1717
1539
1718
1540
1719
1541
1720
1542
1721
1543
1722
1544
1723
1545
1724
1546
1725
1547
1726
1548
1727
1549
1728
1550
1729
1551
1730
1552
1731
1553
1732
1554
1733
1555
1734
1556
1735
1557
1736
1558
1737
1559
1738
1560
1739
1561
1740
1562
1741
1563
1742
1564
1743
1565
1744
1566
1745
1567
1746
1568
1747
1569
1748
1570
1749
1571
1750
1572
1751
1573
1752
1574
1753
1575
1754
1576
1755
1577
1756
1578
1757
1579
1758
1580
1759
1581
1760
1582
1761
1583
1762
1584
1763
1585
1764
1586
1765
1587
1766
1588
1767
1589
1768
1590
1769
1591
1770
1592
1771
1593
1772
1594
1773
1595
1774
1596
1775
1597
1776
1598
1777
1599
1778
1600
1779
1601
1780
1602
1781
1603
1782
1604
1783
1605
1784
1606
1785
1607
1786
1608
1787
1609
1788
1610
1789
1611
1790
1612
1791
1613
1792
1614
1793
1615
1794
1616
1795
1617
1796
1618
1797
1619
1798
1799
1621
1800
1622
1801
1623
1802
1624
1803
1625
1804
1626
1805
1627
1806
1628
1807
1629
1808
1630
1809
1631
1810
1632
1811
1633
1812
1634
1813
1635
1814
1636
1815
1637
1816
1638
1817
1639
1818
1640
1819
1641
1820
1642
1821
1643
1822
1644
1823
1645
1824
1646
1825
1647
1826
1648
1827
1649
1828
1650
1829
1651
1830
1652
1831
1653
1832
1654
1833
1655
1834
1656
1835
1657
1836
1658
1837
1659
1838
1660
1839
1661
1840
1662
1841
1663
1842
1664
1843
1665
1844
1666
1845
1667
1846
1668
1847
1669
1848
1670
1849
1671
1850
1672
1851
1673
1852
1674
1853
1675
1854
1676
1855
1677
1856
1678
1857
1679
1858
1680
1859
1681
1860
1682
1861
1683
1862
1684
1863
1685
1864
1686
1865
1687
1866
1688
1867
1689
1868
1690
1869
1691
1870
1692
1871
1693
1872
1694
1873
1695
1874
1696
1875
1697
1876
1698
1877
1699
1878
1700
1879
1701
1880
1702
1881
1703
1882
1704
1883
1705
1884
1706
1885
1707
1886
1708
1887
1709
1888
1710
1889
1711
1890
1712
1891
1713
1892
1714
1893
1715
1894
1716
1895
1717
1896
1718
1897
1719
1898
1720
1899
1721
1900
1722
1901
1723
1902
1724
1903
1725
1904
1726
1905
1727
1906
1728
1907
1729
1908
1730
1909
1731
1910
1732
1911
1733
1912
1734
1913
1735
1914
1736
1915
1737
1916
1738
1917
1739
1918
1740
1919
1741
1920
1742
1921
1743
1922
1744
1923
1745
1924
1746
1925
1747
1926
1748
1927
1749
1928
1750
1929
1751
1930
1752
1931
1753
1932
1754
1933
1755
1934
1756
1935
1757
1936
1758
1937
1759
1938
1760
1939
1761
1940
1762
1941
1763
1942
1764
1943
1765
1944
1766
1945
1767
1946
1768
1947
1769
1948
1770
1949
1771
1950
1772
1951
1773
1952
1774
1953
1775
1954
1776
1955
1777
1956
1778
1957
1779
1958
1780
1959
1781
1960
1782
1961
1783
1962
1784
1963
1785
1964
1786
1965
1787
1966
1788
1967
1789
1968
1790
1969
1791
1970
1792
1971
1793
1972
1794
1973
1795
1974
1796
1975
1797
1976
1798
1977
1799
1978
1979
1801
1980
1802
1981
1803
1982
1804
1983
1805
1984
1806
1985
1807
1986
1808
1987
1809
1988
1810
1989
1811
1990
1812
1991
1813
1992
1814
1993
1815
1994
1816
1995
1817
1996
1818
1997
1819
1998
1820
1999
1821
2000
1822
2001
1823
2002
1824
2003
1825
2004
1826
2005
1827
2006
1828
2007
1829
2008
1830
2009
1831
2010
1832
2011
1833
2012
1834
2013
1835
2014
1836
2015
1837
2016
1838
2017
1839
2018
1840
2019
1841
2020
1842
2021
1843
2022
1844
2023
1845
2024
1846
2025
1847
2026
1848
2027
1849
2028
1850
2029
1851
2030
1852
2031
1853
2032
1854
2033
1855
2034
1856
2035
1857
2036
1858
2037
1859
2038
1860
2039
1861
2040
1862
2041
1863
2042
1864
2043
1865
2044
1866
2045
1867
2046
1868
2047
1869
2048
1870
2049
1871
2050
1872
2051
1873
2052
1874
2053
1875
2054
1876
2055
1877
2056
1878
2057
1879
2058
1880
2059
1881
2060
1882
2061
1883
2062
1884
2063
1885
2064
1886
2065
1887
2066
1888
2067
1889
2068
1890
2069
1891
2070
1892
2071
1893
2072
1894
2073
1895
2074
1896
2075
1897
2076
1898
2077
1899
2078
1900
2079
1901
2080
1902
2081
1903
2082
1904
2083
1905
2084
1906
2085
1907
2086
1908
2087
1909
2088
1910
2089
1911
2090
1912
2091
1913
2092
1914
2093
1915
2094
1916
2095
1917
2096
1918
2097
1919
2098
1920
2099
1921
2100
1922
2101
1923
2102
1924
2103
1925
2104
1926
2105
1927
2106
1928
2107
1929
2108
1930
2109
1931
2110
1932
2111
1933
2112
1934
2113
1935
2114
1936
2115
1937
2116
1938
2117
1939
2118
1940
2119
1941
2120
1942
2121
1943
2122
1944
2123
1945
2124
1946
2125
1947
2126
1948
2127
1949
2128
1950
2129
1951
2130
1952
2131
1953
2132
1954
2133
1955
2134
1956
2135
1957
2136
1958
2137
1959
2138
1960
2139
1961
2140
1962
2141
1963
2142
1964
2143
1965
2144
1966
2145
1967
2146
1968
2147
1969
2148
1970
2149
1971
2150
1972
2151
1973
2152
1974
2153
1975
2154
1976
2155
1977
2156
1978
2157
1979
2158
2159
1981
2160
1982
2161
1983
2162
1984
2163
1985
2164
1986
2165
1987
2166
1988
2167
1989
2168
1990
2169
1991
2170
1992
2171
1993
2172
1994
2173
1995
2174
1996
2175
1997
2176
1998
2177
1999
2178
2000
2179
2001
2180
2002
2181
2003
2182
2004
2183
2005
2184
2006
2185
2007
2186
2008
2187
2009
2188
2010
2189
2011
2190
2012
2191
2013
2192
2014
2193
2015
2194
2016
2195
2017
2196
2018
2197
2019
2198
2020
2199
2021
2200
2022
2201
2023
2202
2024
2203
2025
2204
2026
2205
2027
2206
2028
2207
2029
2208
2030
2209
2031
2210
2032
2211
2033
2212
2034
2213
2035
2214
2036
2215
2037
2216
2038
2217
2039
2218
2040
2219
2041
2220
2042
2221
2043
2222
2044
2223
2045
2224
2046
2225
2047
2226
2048
2227
2049
2228
2050
2229
2051
2230
2052
2231
2053
2232
2054
2233
2055
2234
2056
2235
2057
2236
2058
2237
2059
2238
2060
2239
2061
2240
2062
2241
2063
2242
2064
2243
2065
2244
2066
2245
2067
2246
2068
2247
2069
2248
2070
2249
2071
2250
2072
2251
2073
2252
2074
2253
2075
2254
2076
2255
2077
2256
2078
2257
2079
2258
2080
2259
2081
2260
2082
2261
2083
2262
2084
2263
2085
2264
2086
2265
2087
2266
2088
2267
2089
2268
2090
2269
2091
2270
2092
2271
2093
2272
2094
2273
2095
2274
2096
2275
2097
2276
2098
2277
2099
2278
2100
2279
2101
2280
2102
2281
2103
2282
2104
2283
2105
2284
2106
2285
2107
2286
2108
2287
2109
2288
2110
2289
2111
2290
2112
2291
2113
2292
2114
2293
2115
2294
2116
2295
2117
2296
2118
2297
2119
2298
2120
2299
2121
2300
2122
2301
2123
2302
2124
2303
2125
2304
2126
2305
2127
2306
2128
2307
2129
2308
2130
2309
2131
2310
2132
2311
2133
2312
2134
2313
2135
2314
2136
2315
2137
2316
2138
2317
2139
2318
2140
2319
2141
2320
2142
2321
2143
2322
2144
2323
2145
2324
2146
2325
2147
2326
2148
2327
2149
2328
2150
2329
2151
2330
2152
2331
2153
2332
2154
2333
2155
2334
2156
2335
2157
2336
2158
2337
2159
2338
2339
2161
2340
2162
2341
2163
2342
2164
2343
2165
2344
2166
2345
2167
2346
2168
2347
2169
2348
2170
2349
2171
2350
2172
2351
2173
2352
2174
2353
2175
2354
2176
2355
2177
2356
2178
2357
2179
2358
2180
2359
2181
2360
2182
2361
2183
2362
2184
2363
2185
2364
2186
2365
2187
2366
2188
2367
2189
2368
2190
2369
2191
2370
2192
2371
2193
2372
2194
2373
2195
2374
2196
2375
2197
2376
2198
2377
2199
2378
2200
2379
2201
2380
2202
2381
2203
2382
2204
2383
2205
2384
2206
2385
2207
2386
2208
2387
2209
2388
2210
2389
2211
2390
2212
2391
2213
2392
2214
2393
2215
2394
2216
2395
2217
2396
2218
2397
2219
2398
2220
2399
2221
2400
2222
2401
2223
2402
2224
2403
2225
2404
2226
2405
2227
2406
2228
2407
2229
2408
2230
2409
2231
2410
2232
2411
2233
2412
2234
2413
2235
2414
2236
2415
2237
2416
2238
2417
2239
2418
2240
2419
2241
2420
2242
2421
2243
2422
2244
2423
2245
2424
2246
2425
2247
2426
2248
2427
2249
2428
2250
2429
2251
2430
2252
2431
2253
2432
2254
2433
2255
2434
2256
2435
2257
2436
2258
2437
2259
2438
2260
2439
2261
2440
2262
2441
2263
2442
2264
2443
2265
2444
2266
2445
2267
2446
2268
2447
2269
2448
2270
2449
2271
2450
2272
2451
2273
2452
2274
2453
2275
2454
2276
2455
2277
2456
2278
2457
2279
2458
2280
2459
2281
2460
2282
2461
2283
2462
2284
2463
2285
2464
2286
2465
2287
2466
2288
2467
2289
2468
2290
2469
2291
2470
2292
2471
2293
2472
2294
2473
2295
2474
2296
2475
2297
2476
2298
2477
2299
2478
2300
2479
2301
2480
2302
2481
2303
2482
2304
2483
2305
2484
2306
2485
2307
2486
2308
2487
2309
2488
2310
2489
2311
2490
2312
2491
2313
2492
2314
2493
2315
2494
2316
2495
2317
2496
2318
2497
2319
2498
2320
2499
2321
2500
2322
2501
2323
2502
2324
2503
2325
2504
2326
2505
2327
2506
2328
2507
2329
2508
2330
2509
2331
2510
2332
2511
2333
2512
2334
2513
2335
2514
2336
2515
2337
2516
2338
2517
2339
2518
2519
2341
2520
2342
2521
2343
2522
2344
2523
2345
2524
2346
2525
2347
2526
2348
2527
2349
2528
2350
2529
2351
2530
2352
2531
2353
2532
2354
2533
2355
2534
2356
2535
2357
2536
2358
2537
2359
2538
2360
2539
2361
2540
2362
2541
2363
2542
2364
2543
2365
2544
2366
2545
2367
2546
2368
2547
2369
2548
2370
2549
2371
2550
2372
2551
2373
2552
2374
2553
2375
2554
2376
2555
2377
2556
2378
2557
2379
2558
2380
2559
2381
2560
2382
2561
2383
2562
2384
2563
2385
2564
2386
2565
2387
2566
2388
2567
2389
2568
2390
2569
2391
2570
2392
2571
2393
2572
2394
2573
2395
2574
2396
2575
2397
2576
2398
2577
2399
2578
2400
2579
2401
2580
2402
2581
2403
2582
2404
2583
2405
2584
2406
2585
2407
2586
2408
2587
2409
2588
2410
2589
2411
2590
2412
2591
2413
2592
2414
2593
2415
2594
2416
2595
2417
2596
2418
2597
2419
2598
2420
2599
2421
2600
2422
2601
2423
2602
2424
2603
2425
2604
2426
2605
2427
2606
2428
2607
2429
2608
2430
2609
2431
2610
2432
2611
2433
2612
2434
2613
2435
2614
2436
2615
2437
2616
2438
2617
2439
2618
2440
2619
2441
2620
2442
2621
2443
2622
2444
2623
2445
2624
2446
2625
2447
2626
2448
2627
2449
2628
2450
2629
2451
2630
2452
2631
2453
2632
2454
2633
2455
2634
2456
2635
2457
2636
2458
2637
2459
2638
2460
2639
2461
2640
2462
2641
2463
2642
2464
2643
2465
2644
2466
2645
2467
2646
2468
2647
2469
2648
2470
2649
2471
2650
2472
2651
2473
2652
2474
2653
2475
2654
2476
2655
2477
2656
2478
2657
2479
2658
2480
2659
2481
2660
2482
2661
2483
2662
2484
2663
2485
2664
2486
2665
2487
2666
2488
2667
2489
2668
2490
2669
2491
2670
2492
2671
2493
2672
2494
2673
2495
2674
2496
2675
2497
2676
2498
2677
2499
2678
2500
2679
2501
2680
2502
2681
2503
2682
2504
2683
2505
2684
2506
2685
2507
2686
2508
2687
2509
2688
2510
2689
2511
2690
2512
2691
2513
2692
2514
2693
2515
2694
2516
2695
2517
2696
2518
2697
2519
2698
2699
2521
2522
2523
2524
2525
2526
2527
2528
2529
2530
2531
2532
2533
2534
2535
2536
2537
2538
2539
2540
2541
2542
2543
2544
2545
2546
2547
2548
2549
2550
2551
2552
2553
2554
2555
2556
2557
2558
2559
2560
2561
2562
2563
2564
2565
2566
2567
2568
2569
2570
2571
2572
2573
2574
2575
2576
2577
2578
2579
2580
2581
2582
2583
2584
2585
2586
2587
2588
2589
2590
2591
2592
2593
2594
2595
2596
2597
2598
2599
2600
2601
2602
2603
2604
2605
2606
2607
2608
2609
2610
2611
2612
2613
2614
2615
2616
2617
2618
2619
2620
2621
2622
2623
2624
2625
2626
2627
2628
2629
2630
2631
2632
2633
2634
2635
2636
2637
2638
2639
2640
2641
2642
2643
2644
2645
2646
2647
2648
2649
2650
2651
2652
2653
2654
2655
2656
2657
2658
2659
2660
2661
2662
2663
2664
2665
2666
2667
2668
2669
2670
2671
2672
2673
2674
2675
2676
2677
2678
2679
2680
2681
2682
2683
2684
2685
2686
2687
2688
2689
2690
2691
2692
2693
2694
2695
2696
2697
2698
2699
)


// ************************************************************************* //
