/*--------------------------------*- C++ -*----------------------------------*\
| =========                 |                                                 |
| \\      /  F ield         | OpenFOAM: The Open Source CFD Toolbox           |
|  \\    /   O peration     | Version:  dev                                   |
|   \\  /    A nd           | Web:      www.OpenFOAM.org                      |
|    \\/     M anipulation  |                                                 |
\*---------------------------------------------------------------------------*/
FoamFile
{
    version     2.0;
    format      ascii;
    class       labelList;
    note        "nPoints: 5792 nCells: 2700 nFaces: 10995 nInternalFaces: 5205";
    location    "constant/polyMesh";
    object      owner;
}
// * * * * * * * * * * * * * * * * * * * * * * * * * * * * * * * * * * * * * //


10995
(
0
0
1
1
2
2
3
3
4
4
5
5
6
6
7
7
8
8
9
9
10
10
11
11
12
12
13
13
14
14
15
15
16
16
17
17
18
18
19
19
20
20
21
21
22
22
23
23
24
24
25
25
26
26
27
27
28
28
29
29
30
30
31
31
32
32
33
33
34
34
35
35
36
36
37
37
38
38
39
39
40
40
41
41
42
42
43
43
44
44
45
45
46
46
47
47
48
48
49
49
50
50
51
51
52
52
53
53
54
54
55
55
56
56
57
57
58
58
59
59
60
60
61
61
62
62
63
63
64
64
65
65
66
66
67
67
68
68
69
69
70
70
71
71
72
72
73
73
74
74
75
75
76
76
77
77
78
78
79
79
80
80
81
81
82
82
83
83
84
84
85
85
86
86
87
87
88
88
89
89
90
90
91
91
92
92
93
93
94
94
95
95
96
96
97
97
98
98
99
99
100
100
101
101
102
102
103
103
104
104
105
105
106
106
107
107
108
108
109
109
110
110
111
111
112
112
113
113
114
114
115
115
116
116
117
117
118
118
119
119
120
120
121
121
122
122
123
123
124
124
125
125
126
126
127
127
128
128
129
129
130
130
131
131
132
132
133
133
134
134
135
135
136
136
137
137
138
138
139
139
140
140
141
141
142
142
143
143
144
144
145
145
146
146
147
147
148
148
149
149
150
150
151
151
152
152
153
153
154
154
155
155
156
156
157
157
158
158
159
159
160
160
161
161
162
162
163
163
164
164
165
165
166
166
167
167
168
168
169
169
170
170
171
171
172
172
173
173
174
174
175
175
176
176
177
177
178
178
179
180
180
181
181
182
182
183
183
184
184
185
185
186
186
187
187
188
188
189
189
190
190
191
191
192
192
193
193
194
194
195
195
196
196
197
197
198
198
199
199
200
200
201
201
202
202
203
203
204
204
205
205
206
206
207
207
208
208
209
209
210
210
211
211
212
212
213
213
214
214
215
215
216
216
217
217
218
218
219
219
220
220
221
221
222
222
223
223
224
224
225
225
226
226
227
227
228
228
229
229
230
230
231
231
232
232
233
233
234
234
235
235
236
236
237
237
238
238
239
239
240
240
241
241
242
242
243
243
244
244
245
245
246
246
247
247
248
248
249
249
250
250
251
251
252
252
253
253
254
254
255
255
256
256
257
257
258
258
259
259
260
260
261
261
262
262
263
263
264
264
265
265
266
266
267
267
268
268
269
269
270
270
271
271
272
272
273
273
274
274
275
275
276
276
277
277
278
278
279
279
280
280
281
281
282
282
283
283
284
284
285
285
286
286
287
287
288
288
289
289
290
290
291
291
292
292
293
293
294
294
295
295
296
296
297
297
298
298
299
299
300
300
301
301
302
302
303
303
304
304
305
305
306
306
307
307
308
308
309
309
310
310
311
311
312
312
313
313
314
314
315
315
316
316
317
317
318
318
319
319
320
320
321
321
322
322
323
323
324
324
325
325
326
326
327
327
328
328
329
329
330
330
331
331
332
332
333
333
334
334
335
335
336
336
337
337
338
338
339
339
340
340
341
341
342
342
343
343
344
344
345
345
346
346
347
347
348
348
349
349
350
350
351
351
352
352
353
353
354
354
355
355
356
356
357
357
358
358
359
360
360
361
361
362
362
363
363
364
364
365
365
366
366
367
367
368
368
369
369
370
370
371
371
372
372
373
373
374
374
375
375
376
376
377
377
378
378
379
379
380
380
381
381
382
382
383
383
384
384
385
385
386
386
387
387
388
388
389
389
390
390
391
391
392
392
393
393
394
394
395
395
396
396
397
397
398
398
399
399
400
400
401
401
402
402
403
403
404
404
405
405
406
406
407
407
408
408
409
409
410
410
411
411
412
412
413
413
414
414
415
415
416
416
417
417
418
418
419
419
420
420
421
421
422
422
423
423
424
424
425
425
426
426
427
427
428
428
429
429
430
430
431
431
432
432
433
433
434
434
435
435
436
436
437
437
438
438
439
439
440
440
441
441
442
442
443
443
444
444
445
445
446
446
447
447
448
448
449
449
450
450
451
451
452
452
453
453
454
454
455
455
456
456
457
457
458
458
459
459
460
460
461
461
462
462
463
463
464
464
465
465
466
466
467
467
468
468
469
469
470
470
471
471
472
472
473
473
474
474
475
475
476
476
477
477
478
478
479
479
480
480
481
481
482
482
483
483
484
484
485
485
486
486
487
487
488
488
489
489
490
490
491
491
492
492
493
493
494
494
495
495
496
496
497
497
498
498
499
499
500
500
501
501
502
502
503
503
504
504
505
505
506
506
507
507
508
508
509
509
510
510
511
511
512
512
513
513
514
514
515
515
516
516
517
517
518
518
519
519
520
520
521
521
522
522
523
523
524
524
525
525
526
526
527
527
528
528
529
529
530
530
531
531
532
532
533
533
534
534
535
535
536
536
537
537
538
538
539
540
540
541
541
542
542
543
543
544
544
545
545
546
546
547
547
548
548
549
549
550
550
551
551
552
552
553
553
554
554
555
555
556
556
557
557
558
558
559
559
560
560
561
561
562
562
563
563
564
564
565
565
566
566
567
567
568
568
569
569
570
570
571
571
572
572
573
573
574
574
575
575
576
576
577
577
578
578
579
579
580
580
581
581
582
582
583
583
584
584
585
585
586
586
587
587
588
588
589
589
590
590
591
591
592
592
593
593
594
594
595
595
596
596
597
597
598
598
599
599
600
600
601
601
602
602
603
603
604
604
605
605
606
606
607
607
608
608
609
609
610
610
611
611
612
612
613
613
614
614
615
615
616
616
617
617
618
618
619
619
620
620
621
621
622
622
623
623
624
624
625
625
626
626
627
627
628
628
629
629
630
630
631
631
632
632
633
633
634
634
635
635
636
636
637
637
638
638
639
639
640
640
641
641
642
642
643
643
644
644
645
645
646
646
647
647
648
648
649
649
650
650
651
651
652
652
653
653
654
654
655
655
656
656
657
657
658
658
659
659
660
660
661
661
662
662
663
663
664
664
665
665
666
666
667
667
668
668
669
669
670
670
671
671
672
672
673
673
674
674
675
675
676
676
677
677
678
678
679
679
680
680
681
681
682
682
683
683
684
684
685
685
686
686
687
687
688
688
689
689
690
690
691
691
692
692
693
693
694
694
695
695
696
696
697
697
698
698
699
699
700
700
701
701
702
702
703
703
704
704
705
705
706
706
707
707
708
708
709
709
710
710
711
711
712
712
713
713
714
714
715
715
716
716
717
717
718
718
719
720
720
721
721
722
722
723
723
724
724
725
725
726
726
727
727
728
728
729
729
730
730
731
731
732
732
733
733
734
734
735
735
736
736
737
737
738
738
739
739
740
740
741
741
742
742
743
743
744
744
745
745
746
746
747
747
748
748
749
749
750
750
751
751
752
752
753
753
754
754
755
755
756
756
757
757
758
758
759
759
760
760
761
761
762
762
763
763
764
764
765
765
766
766
767
767
768
768
769
769
770
770
771
771
772
772
773
773
774
774
775
775
776
776
777
777
778
778
779
779
780
780
781
781
782
782
783
783
784
784
785
785
786
786
787
787
788
788
789
789
790
790
791
791
792
792
793
793
794
794
795
795
796
796
797
797
798
798
799
799
800
800
801
801
802
802
803
803
804
804
805
805
806
806
807
807
808
808
809
809
810
810
811
811
812
812
813
813
814
814
815
815
816
816
817
817
818
818
819
819
820
820
821
821
822
822
823
823
824
824
825
825
826
826
827
827
828
828
829
829
830
830
831
831
832
832
833
833
834
834
835
835
836
836
837
837
838
838
839
839
840
840
841
841
842
842
843
843
844
844
845
845
846
846
847
847
848
848
849
849
850
850
851
851
852
852
853
853
854
854
855
855
856
856
857
857
858
858
859
859
860
860
861
861
862
862
863
863
864
864
865
865
866
866
867
867
868
868
869
869
870
870
871
871
872
872
873
873
874
874
875
875
876
876
877
877
878
878
879
879
880
880
881
881
882
882
883
883
884
884
885
885
886
886
887
887
888
888
889
889
890
890
891
891
892
892
893
893
894
894
895
895
896
896
897
897
898
898
899
900
900
901
901
902
902
903
903
904
904
905
905
906
906
907
907
908
908
909
909
910
910
911
911
912
912
913
913
914
914
915
915
916
916
917
917
918
918
919
919
920
920
921
921
922
922
923
923
924
924
925
925
926
926
927
927
928
928
929
929
930
930
931
931
932
932
933
933
934
934
935
935
936
936
937
937
938
938
939
939
940
940
941
941
942
942
943
943
944
944
945
945
946
946
947
947
948
948
949
949
950
950
951
951
952
952
953
953
954
954
955
955
956
956
957
957
958
958
959
959
960
960
961
961
962
962
963
963
964
964
965
965
966
966
967
967
968
968
969
969
970
970
971
971
972
972
973
973
974
974
975
975
976
976
977
977
978
978
979
979
980
980
981
981
982
982
983
983
984
984
985
985
986
986
987
987
988
988
989
989
990
990
991
991
992
992
993
993
994
994
995
995
996
996
997
997
998
998
999
999
1000
1000
1001
1001
1002
1002
1003
1003
1004
1004
1005
1005
1006
1006
1007
1007
1008
1008
1009
1009
1010
1010
1011
1011
1012
1012
1013
1013
1014
1014
1015
1015
1016
1016
1017
1017
1018
1018
1019
1019
1020
1020
1021
1021
1022
1022
1023
1023
1024
1024
1025
1025
1026
1026
1027
1027
1028
1028
1029
1029
1030
1030
1031
1031
1032
1032
1033
1033
1034
1034
1035
1035
1036
1036
1037
1037
1038
1038
1039
1039
1040
1040
1041
1041
1042
1042
1043
1043
1044
1044
1045
1045
1046
1046
1047
1047
1048
1048
1049
1049
1050
1050
1051
1051
1052
1052
1053
1053
1054
1054
1055
1055
1056
1056
1057
1057
1058
1058
1059
1059
1060
1060
1061
1061
1062
1062
1063
1063
1064
1064
1065
1065
1066
1066
1067
1067
1068
1068
1069
1069
1070
1070
1071
1071
1072
1072
1073
1073
1074
1074
1075
1075
1076
1076
1077
1077
1078
1078
1079
1080
1080
1081
1081
1082
1082
1083
1083
1084
1084
1085
1085
1086
1086
1087
1087
1088
1088
1089
1089
1090
1090
1091
1091
1092
1092
1093
1093
1094
1094
1095
1095
1096
1096
1097
1097
1098
1098
1099
1099
1100
1100
1101
1101
1102
1102
1103
1103
1104
1104
1105
1105
1106
1106
1107
1107
1108
1108
1109
1109
1110
1110
1111
1111
1112
1112
1113
1113
1114
1114
1115
1115
1116
1116
1117
1117
1118
1118
1119
1119
1120
1120
1121
1121
1122
1122
1123
1123
1124
1124
1125
1125
1126
1126
1127
1127
1128
1128
1129
1129
1130
1130
1131
1131
1132
1132
1133
1133
1134
1134
1135
1135
1136
1136
1137
1137
1138
1138
1139
1139
1140
1140
1141
1141
1142
1142
1143
1143
1144
1144
1145
1145
1146
1146
1147
1147
1148
1148
1149
1149
1150
1150
1151
1151
1152
1152
1153
1153
1154
1154
1155
1155
1156
1156
1157
1157
1158
1158
1159
1159
1160
1160
1161
1161
1162
1162
1163
1163
1164
1164
1165
1165
1166
1166
1167
1167
1168
1168
1169
1169
1170
1170
1171
1171
1172
1172
1173
1173
1174
1174
1175
1175
1176
1176
1177
1177
1178
1178
1179
1179
1180
1180
1181
1181
1182
1182
1183
1183
1184
1184
1185
1185
1186
1186
1187
1187
1188
1188
1189
1189
1190
1190
1191
1191
1192
1192
1193
1193
1194
1194
1195
1195
1196
1196
1197
1197
1198
1198
1199
1199
1200
1200
1201
1201
1202
1202
1203
1203
1204
1204
1205
1205
1206
1206
1207
1207
1208
1208
1209
1209
1210
1210
1211
1211
1212
1212
1213
1213
1214
1214
1215
1215
1216
1216
1217
1217
1218
1218
1219
1219
1220
1220
1221
1221
1222
1222
1223
1223
1224
1224
1225
1225
1226
1226
1227
1227
1228
1228
1229
1229
1230
1230
1231
1231
1232
1232
1233
1233
1234
1234
1235
1235
1236
1236
1237
1237
1238
1238
1239
1239
1240
1240
1241
1241
1242
1242
1243
1243
1244
1244
1245
1245
1246
1246
1247
1247
1248
1248
1249
1249
1250
1250
1251
1251
1252
1252
1253
1253
1254
1254
1255
1255
1256
1256
1257
1257
1258
1258
1259
1260
1260
1261
1261
1262
1262
1263
1263
1264
1264
1265
1265
1266
1266
1267
1267
1268
1268
1269
1269
1270
1270
1271
1271
1272
1272
1273
1273
1274
1274
1275
1275
1276
1276
1277
1277
1278
1278
1279
1279
1280
1280
1281
1281
1282
1282
1283
1283
1284
1284
1285
1285
1286
1286
1287
1287
1288
1288
1289
1289
1290
1290
1291
1291
1292
1292
1293
1293
1294
1294
1295
1295
1296
1296
1297
1297
1298
1298
1299
1299
1300
1300
1301
1301
1302
1302
1303
1303
1304
1304
1305
1305
1306
1306
1307
1307
1308
1308
1309
1309
1310
1310
1311
1311
1312
1312
1313
1313
1314
1314
1315
1315
1316
1316
1317
1317
1318
1318
1319
1319
1320
1320
1321
1321
1322
1322
1323
1323
1324
1324
1325
1325
1326
1326
1327
1327
1328
1328
1329
1329
1330
1330
1331
1331
1332
1332
1333
1333
1334
1334
1335
1335
1336
1336
1337
1337
1338
1338
1339
1339
1340
1340
1341
1341
1342
1342
1343
1343
1344
1344
1345
1345
1346
1346
1347
1347
1348
1348
1349
1349
1350
1350
1351
1351
1352
1352
1353
1353
1354
1354
1355
1355
1356
1356
1357
1357
1358
1358
1359
1359
1360
1360
1361
1361
1362
1362
1363
1363
1364
1364
1365
1365
1366
1366
1367
1367
1368
1368
1369
1369
1370
1370
1371
1371
1372
1372
1373
1373
1374
1374
1375
1375
1376
1376
1377
1377
1378
1378
1379
1379
1380
1380
1381
1381
1382
1382
1383
1383
1384
1384
1385
1385
1386
1386
1387
1387
1388
1388
1389
1389
1390
1390
1391
1391
1392
1392
1393
1393
1394
1394
1395
1395
1396
1396
1397
1397
1398
1398
1399
1399
1400
1400
1401
1401
1402
1402
1403
1403
1404
1404
1405
1405
1406
1406
1407
1407
1408
1408
1409
1409
1410
1410
1411
1411
1412
1412
1413
1413
1414
1414
1415
1415
1416
1416
1417
1417
1418
1418
1419
1419
1420
1420
1421
1421
1422
1422
1423
1423
1424
1424
1425
1425
1426
1426
1427
1427
1428
1428
1429
1429
1430
1430
1431
1431
1432
1432
1433
1433
1434
1434
1435
1435
1436
1436
1437
1437
1438
1438
1439
1440
1440
1441
1441
1442
1442
1443
1443
1444
1444
1445
1445
1446
1446
1447
1447
1448
1448
1449
1449
1450
1450
1451
1451
1452
1452
1453
1453
1454
1454
1455
1455
1456
1456
1457
1457
1458
1458
1459
1459
1460
1460
1461
1461
1462
1462
1463
1463
1464
1464
1465
1465
1466
1466
1467
1467
1468
1468
1469
1469
1470
1470
1471
1471
1472
1472
1473
1473
1474
1474
1475
1475
1476
1476
1477
1477
1478
1478
1479
1479
1480
1480
1481
1481
1482
1482
1483
1483
1484
1484
1485
1485
1486
1486
1487
1487
1488
1488
1489
1489
1490
1490
1491
1491
1492
1492
1493
1493
1494
1494
1495
1495
1496
1496
1497
1497
1498
1498
1499
1499
1500
1500
1501
1501
1502
1502
1503
1503
1504
1504
1505
1505
1506
1506
1507
1507
1508
1508
1509
1509
1510
1510
1511
1511
1512
1512
1513
1513
1514
1514
1515
1515
1516
1516
1517
1517
1518
1518
1519
1519
1520
1520
1521
1521
1522
1522
1523
1523
1524
1524
1525
1525
1526
1526
1527
1527
1528
1528
1529
1529
1530
1530
1531
1531
1532
1532
1533
1533
1534
1534
1535
1535
1536
1536
1537
1537
1538
1538
1539
1539
1540
1540
1541
1541
1542
1542
1543
1543
1544
1544
1545
1545
1546
1546
1547
1547
1548
1548
1549
1549
1550
1550
1551
1551
1552
1552
1553
1553
1554
1554
1555
1555
1556
1556
1557
1557
1558
1558
1559
1559
1560
1560
1561
1561
1562
1562
1563
1563
1564
1564
1565
1565
1566
1566
1567
1567
1568
1568
1569
1569
1570
1570
1571
1571
1572
1572
1573
1573
1574
1574
1575
1575
1576
1576
1577
1577
1578
1578
1579
1579
1580
1580
1581
1581
1582
1582
1583
1583
1584
1584
1585
1585
1586
1586
1587
1587
1588
1588
1589
1589
1590
1590
1591
1591
1592
1592
1593
1593
1594
1594
1595
1595
1596
1596
1597
1597
1598
1598
1599
1599
1600
1600
1601
1601
1602
1602
1603
1603
1604
1604
1605
1605
1606
1606
1607
1607
1608
1608
1609
1609
1610
1610
1611
1611
1612
1612
1613
1613
1614
1614
1615
1615
1616
1616
1617
1617
1618
1618
1619
1620
1620
1621
1621
1622
1622
1623
1623
1624
1624
1625
1625
1626
1626
1627
1627
1628
1628
1629
1629
1630
1630
1631
1631
1632
1632
1633
1633
1634
1634
1635
1635
1636
1636
1637
1637
1638
1638
1639
1639
1640
1640
1641
1641
1642
1642
1643
1643
1644
1644
1645
1645
1646
1646
1647
1647
1648
1648
1649
1649
1650
1650
1651
1651
1652
1652
1653
1653
1654
1654
1655
1655
1656
1656
1657
1657
1658
1658
1659
1659
1660
1660
1661
1661
1662
1662
1663
1663
1664
1664
1665
1665
1666
1666
1667
1667
1668
1668
1669
1669
1670
1670
1671
1671
1672
1672
1673
1673
1674
1674
1675
1675
1676
1676
1677
1677
1678
1678
1679
1679
1680
1680
1681
1681
1682
1682
1683
1683
1684
1684
1685
1685
1686
1686
1687
1687
1688
1688
1689
1689
1690
1690
1691
1691
1692
1692
1693
1693
1694
1694
1695
1695
1696
1696
1697
1697
1698
1698
1699
1699
1700
1700
1701
1701
1702
1702
1703
1703
1704
1704
1705
1705
1706
1706
1707
1707
1708
1708
1709
1709
1710
1710
1711
1711
1712
1712
1713
1713
1714
1714
1715
1715
1716
1716
1717
1717
1718
1718
1719
1719
1720
1720
1721
1721
1722
1722
1723
1723
1724
1724
1725
1725
1726
1726
1727
1727
1728
1728
1729
1729
1730
1730
1731
1731
1732
1732
1733
1733
1734
1734
1735
1735
1736
1736
1737
1737
1738
1738
1739
1739
1740
1740
1741
1741
1742
1742
1743
1743
1744
1744
1745
1745
1746
1746
1747
1747
1748
1748
1749
1749
1750
1750
1751
1751
1752
1752
1753
1753
1754
1754
1755
1755
1756
1756
1757
1757
1758
1758
1759
1759
1760
1760
1761
1761
1762
1762
1763
1763
1764
1764
1765
1765
1766
1766
1767
1767
1768
1768
1769
1769
1770
1770
1771
1771
1772
1772
1773
1773
1774
1774
1775
1775
1776
1776
1777
1777
1778
1778
1779
1779
1780
1780
1781
1781
1782
1782
1783
1783
1784
1784
1785
1785
1786
1786
1787
1787
1788
1788
1789
1789
1790
1790
1791
1791
1792
1792
1793
1793
1794
1794
1795
1795
1796
1796
1797
1797
1798
1798
1799
1800
1800
1801
1801
1802
1802
1803
1803
1804
1804
1805
1805
1806
1806
1807
1807
1808
1808
1809
1809
1810
1810
1811
1811
1812
1812
1813
1813
1814
1814
1815
1815
1816
1816
1817
1817
1818
1818
1819
1819
1820
1820
1821
1821
1822
1822
1823
1823
1824
1824
1825
1825
1826
1826
1827
1827
1828
1828
1829
1829
1830
1830
1831
1831
1832
1832
1833
1833
1834
1834
1835
1835
1836
1836
1837
1837
1838
1838
1839
1839
1840
1840
1841
1841
1842
1842
1843
1843
1844
1844
1845
1845
1846
1846
1847
1847
1848
1848
1849
1849
1850
1850
1851
1851
1852
1852
1853
1853
1854
1854
1855
1855
1856
1856
1857
1857
1858
1858
1859
1859
1860
1860
1861
1861
1862
1862
1863
1863
1864
1864
1865
1865
1866
1866
1867
1867
1868
1868
1869
1869
1870
1870
1871
1871
1872
1872
1873
1873
1874
1874
1875
1875
1876
1876
1877
1877
1878
1878
1879
1879
1880
1880
1881
1881
1882
1882
1883
1883
1884
1884
1885
1885
1886
1886
1887
1887
1888
1888
1889
1889
1890
1890
1891
1891
1892
1892
1893
1893
1894
1894
1895
1895
1896
1896
1897
1897
1898
1898
1899
1899
1900
1900
1901
1901
1902
1902
1903
1903
1904
1904
1905
1905
1906
1906
1907
1907
1908
1908
1909
1909
1910
1910
1911
1911
1912
1912
1913
1913
1914
1914
1915
1915
1916
1916
1917
1917
1918
1918
1919
1919
1920
1920
1921
1921
1922
1922
1923
1923
1924
1924
1925
1925
1926
1926
1927
1927
1928
1928
1929
1929
1930
1930
1931
1931
1932
1932
1933
1933
1934
1934
1935
1935
1936
1936
1937
1937
1938
1938
1939
1939
1940
1940
1941
1941
1942
1942
1943
1943
1944
1944
1945
1945
1946
1946
1947
1947
1948
1948
1949
1949
1950
1950
1951
1951
1952
1952
1953
1953
1954
1954
1955
1955
1956
1956
1957
1957
1958
1958
1959
1959
1960
1960
1961
1961
1962
1962
1963
1963
1964
1964
1965
1965
1966
1966
1967
1967
1968
1968
1969
1969
1970
1970
1971
1971
1972
1972
1973
1973
1974
1974
1975
1975
1976
1976
1977
1977
1978
1978
1979
1980
1980
1981
1981
1982
1982
1983
1983
1984
1984
1985
1985
1986
1986
1987
1987
1988
1988
1989
1989
1990
1990
1991
1991
1992
1992
1993
1993
1994
1994
1995
1995
1996
1996
1997
1997
1998
1998
1999
1999
2000
2000
2001
2001
2002
2002
2003
2003
2004
2004
2005
2005
2006
2006
2007
2007
2008
2008
2009
2009
2010
2010
2011
2011
2012
2012
2013
2013
2014
2014
2015
2015
2016
2016
2017
2017
2018
2018
2019
2019
2020
2020
2021
2021
2022
2022
2023
2023
2024
2024
2025
2025
2026
2026
2027
2027
2028
2028
2029
2029
2030
2030
2031
2031
2032
2032
2033
2033
2034
2034
2035
2035
2036
2036
2037
2037
2038
2038
2039
2039
2040
2040
2041
2041
2042
2042
2043
2043
2044
2044
2045
2045
2046
2046
2047
2047
2048
2048
2049
2049
2050
2050
2051
2051
2052
2052
2053
2053
2054
2054
2055
2055
2056
2056
2057
2057
2058
2058
2059
2059
2060
2060
2061
2061
2062
2062
2063
2063
2064
2064
2065
2065
2066
2066
2067
2067
2068
2068
2069
2069
2070
2070
2071
2071
2072
2072
2073
2073
2074
2074
2075
2075
2076
2076
2077
2077
2078
2078
2079
2079
2080
2080
2081
2081
2082
2082
2083
2083
2084
2084
2085
2085
2086
2086
2087
2087
2088
2088
2089
2089
2090
2090
2091
2091
2092
2092
2093
2093
2094
2094
2095
2095
2096
2096
2097
2097
2098
2098
2099
2099
2100
2100
2101
2101
2102
2102
2103
2103
2104
2104
2105
2105
2106
2106
2107
2107
2108
2108
2109
2109
2110
2110
2111
2111
2112
2112
2113
2113
2114
2114
2115
2115
2116
2116
2117
2117
2118
2118
2119
2119
2120
2120
2121
2121
2122
2122
2123
2123
2124
2124
2125
2125
2126
2126
2127
2127
2128
2128
2129
2129
2130
2130
2131
2131
2132
2132
2133
2133
2134
2134
2135
2135
2136
2136
2137
2137
2138
2138
2139
2139
2140
2140
2141
2141
2142
2142
2143
2143
2144
2144
2145
2145
2146
2146
2147
2147
2148
2148
2149
2149
2150
2150
2151
2151
2152
2152
2153
2153
2154
2154
2155
2155
2156
2156
2157
2157
2158
2158
2159
2160
2160
2161
2161
2162
2162
2163
2163
2164
2164
2165
2165
2166
2166
2167
2167
2168
2168
2169
2169
2170
2170
2171
2171
2172
2172
2173
2173
2174
2174
2175
2175
2176
2176
2177
2177
2178
2178
2179
2179
2180
2180
2181
2181
2182
2182
2183
2183
2184
2184
2185
2185
2186
2186
2187
2187
2188
2188
2189
2189
2190
2190
2191
2191
2192
2192
2193
2193
2194
2194
2195
2195
2196
2196
2197
2197
2198
2198
2199
2199
2200
2200
2201
2201
2202
2202
2203
2203
2204
2204
2205
2205
2206
2206
2207
2207
2208
2208
2209
2209
2210
2210
2211
2211
2212
2212
2213
2213
2214
2214
2215
2215
2216
2216
2217
2217
2218
2218
2219
2219
2220
2220
2221
2221
2222
2222
2223
2223
2224
2224
2225
2225
2226
2226
2227
2227
2228
2228
2229
2229
2230
2230
2231
2231
2232
2232
2233
2233
2234
2234
2235
2235
2236
2236
2237
2237
2238
2238
2239
2239
2240
2240
2241
2241
2242
2242
2243
2243
2244
2244
2245
2245
2246
2246
2247
2247
2248
2248
2249
2249
2250
2250
2251
2251
2252
2252
2253
2253
2254
2254
2255
2255
2256
2256
2257
2257
2258
2258
2259
2259
2260
2260
2261
2261
2262
2262
2263
2263
2264
2264
2265
2265
2266
2266
2267
2267
2268
2268
2269
2269
2270
2270
2271
2271
2272
2272
2273
2273
2274
2274
2275
2275
2276
2276
2277
2277
2278
2278
2279
2279
2280
2280
2281
2281
2282
2282
2283
2283
2284
2284
2285
2285
2286
2286
2287
2287
2288
2288
2289
2289
2290
2290
2291
2291
2292
2292
2293
2293
2294
2294
2295
2295
2296
2296
2297
2297
2298
2298
2299
2299
2300
2300
2301
2301
2302
2302
2303
2303
2304
2304
2305
2305
2306
2306
2307
2307
2308
2308
2309
2309
2310
2310
2311
2311
2312
2312
2313
2313
2314
2314
2315
2315
2316
2316
2317
2317
2318
2318
2319
2319
2320
2320
2321
2321
2322
2322
2323
2323
2324
2324
2325
2325
2326
2326
2327
2327
2328
2328
2329
2329
2330
2330
2331
2331
2332
2332
2333
2333
2334
2334
2335
2335
2336
2336
2337
2337
2338
2338
2339
2340
2340
2341
2341
2342
2342
2343
2343
2344
2344
2345
2345
2346
2346
2347
2347
2348
2348
2349
2349
2350
2350
2351
2351
2352
2352
2353
2353
2354
2354
2355
2355
2356
2356
2357
2357
2358
2358
2359
2359
2360
2360
2361
2361
2362
2362
2363
2363
2364
2364
2365
2365
2366
2366
2367
2367
2368
2368
2369
2369
2370
2370
2371
2371
2372
2372
2373
2373
2374
2374
2375
2375
2376
2376
2377
2377
2378
2378
2379
2379
2380
2380
2381
2381
2382
2382
2383
2383
2384
2384
2385
2385
2386
2386
2387
2387
2388
2388
2389
2389
2390
2390
2391
2391
2392
2392
2393
2393
2394
2394
2395
2395
2396
2396
2397
2397
2398
2398
2399
2399
2400
2400
2401
2401
2402
2402
2403
2403
2404
2404
2405
2405
2406
2406
2407
2407
2408
2408
2409
2409
2410
2410
2411
2411
2412
2412
2413
2413
2414
2414
2415
2415
2416
2416
2417
2417
2418
2418
2419
2419
2420
2420
2421
2421
2422
2422
2423
2423
2424
2424
2425
2425
2426
2426
2427
2427
2428
2428
2429
2429
2430
2430
2431
2431
2432
2432
2433
2433
2434
2434
2435
2435
2436
2436
2437
2437
2438
2438
2439
2439
2440
2440
2441
2441
2442
2442
2443
2443
2444
2444
2445
2445
2446
2446
2447
2447
2448
2448
2449
2449
2450
2450
2451
2451
2452
2452
2453
2453
2454
2454
2455
2455
2456
2456
2457
2457
2458
2458
2459
2459
2460
2460
2461
2461
2462
2462
2463
2463
2464
2464
2465
2465
2466
2466
2467
2467
2468
2468
2469
2469
2470
2470
2471
2471
2472
2472
2473
2473
2474
2474
2475
2475
2476
2476
2477
2477
2478
2478
2479
2479
2480
2480
2481
2481
2482
2482
2483
2483
2484
2484
2485
2485
2486
2486
2487
2487
2488
2488
2489
2489
2490
2490
2491
2491
2492
2492
2493
2493
2494
2494
2495
2495
2496
2496
2497
2497
2498
2498
2499
2499
2500
2500
2501
2501
2502
2502
2503
2503
2504
2504
2505
2505
2506
2506
2507
2507
2508
2508
2509
2509
2510
2510
2511
2511
2512
2512
2513
2513
2514
2514
2515
2515
2516
2516
2517
2517
2518
2518
2519
2520
2521
2522
2523
2524
2525
2526
2527
2528
2529
2530
2531
2532
2533
2534
2535
2536
2537
2538
2539
2540
2541
2542
2543
2544
2545
2546
2547
2548
2549
2550
2551
2552
2553
2554
2555
2556
2557
2558
2559
2560
2561
2562
2563
2564
2565
2566
2567
2568
2569
2570
2571
2572
2573
2574
2575
2576
2577
2578
2579
2580
2581
2582
2583
2584
2585
2586
2587
2588
2589
2590
2591
2592
2593
2594
2595
2596
2597
2598
2599
2600
2601
2602
2603
2604
2605
2606
2607
2608
2609
2610
2611
2612
2613
2614
2615
2616
2617
2618
2619
2620
2621
2622
2623
2624
2625
2626
2627
2628
2629
2630
2631
2632
2633
2634
2635
2636
2637
2638
2639
2640
2641
2642
2643
2644
2645
2646
2647
2648
2649
2650
2651
2652
2653
2654
2655
2656
2657
2658
2659
2660
2661
2662
2663
2664
2665
2666
2667
2668
2669
2670
2671
2672
2673
2674
2675
2676
2677
2678
2679
2680
2681
2682
2683
2684
2685
2686
2687
2688
2689
2690
2691
2692
2693
2694
2695
2696
2697
2698
0
180
360
540
720
900
1080
1260
1440
1620
1800
1980
2160
2340
2520
1
181
361
541
721
901
1081
1261
1441
1621
1801
1981
2161
2341
2521
2
182
362
542
722
902
1082
1262
1442
1622
1802
1982
2162
2342
2522
3
183
363
543
723
903
1083
1263
1443
1623
1803
1983
2163
2343
2523
4
184
364
544
724
904
1084
1264
1444
1624
1804
1984
2164
2344
2524
5
185
365
545
725
905
1085
1265
1445
1625
1805
1985
2165
2345
2525
6
186
366
546
726
906
1086
1266
1446
1626
1806
1986
2166
2346
2526
7
187
367
547
727
907
1087
1267
1447
1627
1807
1987
2167
2347
2527
8
188
368
548
728
908
1088
1268
1448
1628
1808
1988
2168
2348
2528
9
189
369
549
729
909
1089
1269
1449
1629
1809
1989
2169
2349
2529
10
190
370
550
730
910
1090
1270
1450
1630
1810
1990
2170
2350
2530
11
191
371
551
731
911
1091
1271
1451
1631
1811
1991
2171
2351
2531
12
192
372
552
732
912
1092
1272
1452
1632
1812
1992
2172
2352
2532
13
193
373
553
733
913
1093
1273
1453
1633
1813
1993
2173
2353
2533
14
194
374
554
734
914
1094
1274
1454
1634
1814
1994
2174
2354
2534
15
195
375
555
735
915
1095
1275
1455
1635
1815
1995
2175
2355
2535
16
196
376
556
736
916
1096
1276
1456
1636
1816
1996
2176
2356
2536
17
197
377
557
737
917
1097
1277
1457
1637
1817
1997
2177
2357
2537
18
198
378
558
738
918
1098
1278
1458
1638
1818
1998
2178
2358
2538
19
199
379
559
739
919
1099
1279
1459
1639
1819
1999
2179
2359
2539
20
200
380
560
740
920
1100
1280
1460
1640
1820
2000
2180
2360
2540
21
201
381
561
741
921
1101
1281
1461
1641
1821
2001
2181
2361
2541
22
202
382
562
742
922
1102
1282
1462
1642
1822
2002
2182
2362
2542
23
203
383
563
743
923
1103
1283
1463
1643
1823
2003
2183
2363
2543
24
204
384
564
744
924
1104
1284
1464
1644
1824
2004
2184
2364
2544
25
205
385
565
745
925
1105
1285
1465
1645
1825
2005
2185
2365
2545
26
206
386
566
746
926
1106
1286
1466
1646
1826
2006
2186
2366
2546
27
207
387
567
747
927
1107
1287
1467
1647
1827
2007
2187
2367
2547
28
208
388
568
748
928
1108
1288
1468
1648
1828
2008
2188
2368
2548
29
209
389
569
749
929
1109
1289
1469
1649
1829
2009
2189
2369
2549
30
210
390
570
750
930
1110
1290
1470
1650
1830
2010
2190
2370
2550
31
211
391
571
751
931
1111
1291
1471
1651
1831
2011
2191
2371
2551
32
212
392
572
752
932
1112
1292
1472
1652
1832
2012
2192
2372
2552
33
213
393
573
753
933
1113
1293
1473
1653
1833
2013
2193
2373
2553
34
214
394
574
754
934
1114
1294
1474
1654
1834
2014
2194
2374
2554
35
215
395
575
755
935
1115
1295
1475
1655
1835
2015
2195
2375
2555
36
216
396
576
756
936
1116
1296
1476
1656
1836
2016
2196
2376
2556
37
217
397
577
757
937
1117
1297
1477
1657
1837
2017
2197
2377
2557
38
218
398
578
758
938
1118
1298
1478
1658
1838
2018
2198
2378
2558
39
219
399
579
759
939
1119
1299
1479
1659
1839
2019
2199
2379
2559
40
220
400
580
760
940
1120
1300
1480
1660
1840
2020
2200
2380
2560
41
221
401
581
761
941
1121
1301
1481
1661
1841
2021
2201
2381
2561
42
222
402
582
762
942
1122
1302
1482
1662
1842
2022
2202
2382
2562
43
223
403
583
763
943
1123
1303
1483
1663
1843
2023
2203
2383
2563
44
224
404
584
764
944
1124
1304
1484
1664
1844
2024
2204
2384
2564
45
225
405
585
765
945
1125
1305
1485
1665
1845
2025
2205
2385
2565
46
226
406
586
766
946
1126
1306
1486
1666
1846
2026
2206
2386
2566
47
227
407
587
767
947
1127
1307
1487
1667
1847
2027
2207
2387
2567
48
228
408
588
768
948
1128
1308
1488
1668
1848
2028
2208
2388
2568
49
229
409
589
769
949
1129
1309
1489
1669
1849
2029
2209
2389
2569
50
230
410
590
770
950
1130
1310
1490
1670
1850
2030
2210
2390
2570
51
231
411
591
771
951
1131
1311
1491
1671
1851
2031
2211
2391
2571
52
232
412
592
772
952
1132
1312
1492
1672
1852
2032
2212
2392
2572
53
233
413
593
773
953
1133
1313
1493
1673
1853
2033
2213
2393
2573
54
234
414
594
774
954
1134
1314
1494
1674
1854
2034
2214
2394
2574
55
235
415
595
775
955
1135
1315
1495
1675
1855
2035
2215
2395
2575
56
236
416
596
776
956
1136
1316
1496
1676
1856
2036
2216
2396
2576
57
237
417
597
777
957
1137
1317
1497
1677
1857
2037
2217
2397
2577
58
238
418
598
778
958
1138
1318
1498
1678
1858
2038
2218
2398
2578
59
239
419
599
779
959
1139
1319
1499
1679
1859
2039
2219
2399
2579
60
240
420
600
780
960
1140
1320
1500
1680
1860
2040
2220
2400
2580
61
241
421
601
781
961
1141
1321
1501
1681
1861
2041
2221
2401
2581
62
242
422
602
782
962
1142
1322
1502
1682
1862
2042
2222
2402
2582
63
243
423
603
783
963
1143
1323
1503
1683
1863
2043
2223
2403
2583
64
244
424
604
784
964
1144
1324
1504
1684
1864
2044
2224
2404
2584
65
245
425
605
785
965
1145
1325
1505
1685
1865
2045
2225
2405
2585
66
246
426
606
786
966
1146
1326
1506
1686
1866
2046
2226
2406
2586
67
247
427
607
787
967
1147
1327
1507
1687
1867
2047
2227
2407
2587
68
248
428
608
788
968
1148
1328
1508
1688
1868
2048
2228
2408
2588
69
249
429
609
789
969
1149
1329
1509
1689
1869
2049
2229
2409
2589
70
250
430
610
790
970
1150
1330
1510
1690
1870
2050
2230
2410
2590
71
251
431
611
791
971
1151
1331
1511
1691
1871
2051
2231
2411
2591
72
252
432
612
792
972
1152
1332
1512
1692
1872
2052
2232
2412
2592
73
253
433
613
793
973
1153
1333
1513
1693
1873
2053
2233
2413
2593
74
254
434
614
794
974
1154
1334
1514
1694
1874
2054
2234
2414
2594
75
255
435
615
795
975
1155
1335
1515
1695
1875
2055
2235
2415
2595
76
256
436
616
796
976
1156
1336
1516
1696
1876
2056
2236
2416
2596
77
257
437
617
797
977
1157
1337
1517
1697
1877
2057
2237
2417
2597
78
258
438
618
798
978
1158
1338
1518
1698
1878
2058
2238
2418
2598
79
259
439
619
799
979
1159
1339
1519
1699
1879
2059
2239
2419
2599
80
260
440
620
800
980
1160
1340
1520
1700
1880
2060
2240
2420
2600
81
261
441
621
801
981
1161
1341
1521
1701
1881
2061
2241
2421
2601
82
262
442
622
802
982
1162
1342
1522
1702
1882
2062
2242
2422
2602
83
263
443
623
803
983
1163
1343
1523
1703
1883
2063
2243
2423
2603
84
264
444
624
804
984
1164
1344
1524
1704
1884
2064
2244
2424
2604
85
265
445
625
805
985
1165
1345
1525
1705
1885
2065
2245
2425
2605
86
266
446
626
806
986
1166
1346
1526
1706
1886
2066
2246
2426
2606
87
267
447
627
807
987
1167
1347
1527
1707
1887
2067
2247
2427
2607
88
268
448
628
808
988
1168
1348
1528
1708
1888
2068
2248
2428
2608
89
269
449
629
809
989
1169
1349
1529
1709
1889
2069
2249
2429
2609
90
270
450
630
810
990
1170
1350
1530
1710
1890
2070
2250
2430
2610
91
271
451
631
811
991
1171
1351
1531
1711
1891
2071
2251
2431
2611
92
272
452
632
812
992
1172
1352
1532
1712
1892
2072
2252
2432
2612
93
273
453
633
813
993
1173
1353
1533
1713
1893
2073
2253
2433
2613
94
274
454
634
814
994
1174
1354
1534
1714
1894
2074
2254
2434
2614
95
275
455
635
815
995
1175
1355
1535
1715
1895
2075
2255
2435
2615
96
276
456
636
816
996
1176
1356
1536
1716
1896
2076
2256
2436
2616
97
277
457
637
817
997
1177
1357
1537
1717
1897
2077
2257
2437
2617
98
278
458
638
818
998
1178
1358
1538
1718
1898
2078
2258
2438
2618
99
279
459
639
819
999
1179
1359
1539
1719
1899
2079
2259
2439
2619
100
280
460
640
820
1000
1180
1360
1540
1720
1900
2080
2260
2440
2620
101
281
461
641
821
1001
1181
1361
1541
1721
1901
2081
2261
2441
2621
102
282
462
642
822
1002
1182
1362
1542
1722
1902
2082
2262
2442
2622
103
283
463
643
823
1003
1183
1363
1543
1723
1903
2083
2263
2443
2623
104
284
464
644
824
1004
1184
1364
1544
1724
1904
2084
2264
2444
2624
105
285
465
645
825
1005
1185
1365
1545
1725
1905
2085
2265
2445
2625
106
286
466
646
826
1006
1186
1366
1546
1726
1906
2086
2266
2446
2626
107
287
467
647
827
1007
1187
1367
1547
1727
1907
2087
2267
2447
2627
108
288
468
648
828
1008
1188
1368
1548
1728
1908
2088
2268
2448
2628
109
289
469
649
829
1009
1189
1369
1549
1729
1909
2089
2269
2449
2629
110
290
470
650
830
1010
1190
1370
1550
1730
1910
2090
2270
2450
2630
111
291
471
651
831
1011
1191
1371
1551
1731
1911
2091
2271
2451
2631
112
292
472
652
832
1012
1192
1372
1552
1732
1912
2092
2272
2452
2632
113
293
473
653
833
1013
1193
1373
1553
1733
1913
2093
2273
2453
2633
114
294
474
654
834
1014
1194
1374
1554
1734
1914
2094
2274
2454
2634
115
295
475
655
835
1015
1195
1375
1555
1735
1915
2095
2275
2455
2635
116
296
476
656
836
1016
1196
1376
1556
1736
1916
2096
2276
2456
2636
117
297
477
657
837
1017
1197
1377
1557
1737
1917
2097
2277
2457
2637
118
298
478
658
838
1018
1198
1378
1558
1738
1918
2098
2278
2458
2638
119
299
479
659
839
1019
1199
1379
1559
1739
1919
2099
2279
2459
2639
120
300
480
660
840
1020
1200
1380
1560
1740
1920
2100
2280
2460
2640
121
301
481
661
841
1021
1201
1381
1561
1741
1921
2101
2281
2461
2641
122
302
482
662
842
1022
1202
1382
1562
1742
1922
2102
2282
2462
2642
123
303
483
663
843
1023
1203
1383
1563
1743
1923
2103
2283
2463
2643
124
304
484
664
844
1024
1204
1384
1564
1744
1924
2104
2284
2464
2644
125
305
485
665
845
1025
1205
1385
1565
1745
1925
2105
2285
2465
2645
126
306
486
666
846
1026
1206
1386
1566
1746
1926
2106
2286
2466
2646
127
307
487
667
847
1027
1207
1387
1567
1747
1927
2107
2287
2467
2647
128
308
488
668
848
1028
1208
1388
1568
1748
1928
2108
2288
2468
2648
129
309
489
669
849
1029
1209
1389
1569
1749
1929
2109
2289
2469
2649
130
310
490
670
850
1030
1210
1390
1570
1750
1930
2110
2290
2470
2650
131
311
491
671
851
1031
1211
1391
1571
1751
1931
2111
2291
2471
2651
132
312
492
672
852
1032
1212
1392
1572
1752
1932
2112
2292
2472
2652
133
313
493
673
853
1033
1213
1393
1573
1753
1933
2113
2293
2473
2653
134
314
494
674
854
1034
1214
1394
1574
1754
1934
2114
2294
2474
2654
135
315
495
675
855
1035
1215
1395
1575
1755
1935
2115
2295
2475
2655
136
316
496
676
856
1036
1216
1396
1576
1756
1936
2116
2296
2476
2656
137
317
497
677
857
1037
1217
1397
1577
1757
1937
2117
2297
2477
2657
138
318
498
678
858
1038
1218
1398
1578
1758
1938
2118
2298
2478
2658
139
319
499
679
859
1039
1219
1399
1579
1759
1939
2119
2299
2479
2659
140
320
500
680
860
1040
1220
1400
1580
1760
1940
2120
2300
2480
2660
141
321
501
681
861
1041
1221
1401
1581
1761
1941
2121
2301
2481
2661
142
322
502
682
862
1042
1222
1402
1582
1762
1942
2122
2302
2482
2662
143
323
503
683
863
1043
1223
1403
1583
1763
1943
2123
2303
2483
2663
144
324
504
684
864
1044
1224
1404
1584
1764
1944
2124
2304
2484
2664
145
325
505
685
865
1045
1225
1405
1585
1765
1945
2125
2305
2485
2665
146
326
506
686
866
1046
1226
1406
1586
1766
1946
2126
2306
2486
2666
147
327
507
687
867
1047
1227
1407
1587
1767
1947
2127
2307
2487
2667
148
328
508
688
868
1048
1228
1408
1588
1768
1948
2128
2308
2488
2668
149
329
509
689
869
1049
1229
1409
1589
1769
1949
2129
2309
2489
2669
150
330
510
690
870
1050
1230
1410
1590
1770
1950
2130
2310
2490
2670
151
331
511
691
871
1051
1231
1411
1591
1771
1951
2131
2311
2491
2671
152
332
512
692
872
1052
1232
1412
1592
1772
1952
2132
2312
2492
2672
153
333
513
693
873
1053
1233
1413
1593
1773
1953
2133
2313
2493
2673
154
334
514
694
874
1054
1234
1414
1594
1774
1954
2134
2314
2494
2674
155
335
515
695
875
1055
1235
1415
1595
1775
1955
2135
2315
2495
2675
156
336
516
696
876
1056
1236
1416
1596
1776
1956
2136
2316
2496
2676
157
337
517
697
877
1057
1237
1417
1597
1777
1957
2137
2317
2497
2677
158
338
518
698
878
1058
1238
1418
1598
1778
1958
2138
2318
2498
2678
159
339
519
699
879
1059
1239
1419
1599
1779
1959
2139
2319
2499
2679
160
340
520
700
880
1060
1240
1420
1600
1780
1960
2140
2320
2500
2680
161
341
521
701
881
1061
1241
1421
1601
1781
1961
2141
2321
2501
2681
162
342
522
702
882
1062
1242
1422
1602
1782
1962
2142
2322
2502
2682
163
343
523
703
883
1063
1243
1423
1603
1783
1963
2143
2323
2503
2683
164
344
524
704
884
1064
1244
1424
1604
1784
1964
2144
2324
2504
2684
165
345
525
705
885
1065
1245
1425
1605
1785
1965
2145
2325
2505
2685
166
346
526
706
886
1066
1246
1426
1606
1786
1966
2146
2326
2506
2686
167
347
527
707
887
1067
1247
1427
1607
1787
1967
2147
2327
2507
2687
168
348
528
708
888
1068
1248
1428
1608
1788
1968
2148
2328
2508
2688
169
349
529
709
889
1069
1249
1429
1609
1789
1969
2149
2329
2509
2689
170
350
530
710
890
1070
1250
1430
1610
1790
1970
2150
2330
2510
2690
171
351
531
711
891
1071
1251
1431
1611
1791
1971
2151
2331
2511
2691
172
352
532
712
892
1072
1252
1432
1612
1792
1972
2152
2332
2512
2692
173
353
533
713
893
1073
1253
1433
1613
1793
1973
2153
2333
2513
2693
174
354
534
714
894
1074
1254
1434
1614
1794
1974
2154
2334
2514
2694
175
355
535
715
895
1075
1255
1435
1615
1795
1975
2155
2335
2515
2695
176
356
536
716
896
1076
1256
1436
1616
1796
1976
2156
2336
2516
2696
177
357
537
717
897
1077
1257
1437
1617
1797
1977
2157
2337
2517
2697
178
358
538
718
898
1078
1258
1438
1618
1798
1978
2158
2338
2518
2698
179
359
539
719
899
1079
1259
1439
1619
1799
1979
2159
2339
2519
2699
0
180
360
540
720
900
1080
1260
1440
1620
1800
1980
2160
2340
2520
1
181
361
541
721
901
1081
1261
1441
1621
1801
1981
2161
2341
2521
2
182
362
542
722
902
1082
1262
1442
1622
1802
1982
2162
2342
2522
3
183
363
543
723
903
1083
1263
1443
1623
1803
1983
2163
2343
2523
4
184
364
544
724
904
1084
1264
1444
1624
1804
1984
2164
2344
2524
5
185
365
545
725
905
1085
1265
1445
1625
1805
1985
2165
2345
2525
6
186
366
546
726
906
1086
1266
1446
1626
1806
1986
2166
2346
2526
7
187
367
547
727
907
1087
1267
1447
1627
1807
1987
2167
2347
2527
8
188
368
548
728
908
1088
1268
1448
1628
1808
1988
2168
2348
2528
9
189
369
549
729
909
1089
1269
1449
1629
1809
1989
2169
2349
2529
10
190
370
550
730
910
1090
1270
1450
1630
1810
1990
2170
2350
2530
11
191
371
551
731
911
1091
1271
1451
1631
1811
1991
2171
2351
2531
12
192
372
552
732
912
1092
1272
1452
1632
1812
1992
2172
2352
2532
13
193
373
553
733
913
1093
1273
1453
1633
1813
1993
2173
2353
2533
14
194
374
554
734
914
1094
1274
1454
1634
1814
1994
2174
2354
2534
15
195
375
555
735
915
1095
1275
1455
1635
1815
1995
2175
2355
2535
16
196
376
556
736
916
1096
1276
1456
1636
1816
1996
2176
2356
2536
17
197
377
557
737
917
1097
1277
1457
1637
1817
1997
2177
2357
2537
18
198
378
558
738
918
1098
1278
1458
1638
1818
1998
2178
2358
2538
19
199
379
559
739
919
1099
1279
1459
1639
1819
1999
2179
2359
2539
20
200
380
560
740
920
1100
1280
1460
1640
1820
2000
2180
2360
2540
21
201
381
561
741
921
1101
1281
1461
1641
1821
2001
2181
2361
2541
22
202
382
562
742
922
1102
1282
1462
1642
1822
2002
2182
2362
2542
23
203
383
563
743
923
1103
1283
1463
1643
1823
2003
2183
2363
2543
24
204
384
564
744
924
1104
1284
1464
1644
1824
2004
2184
2364
2544
25
205
385
565
745
925
1105
1285
1465
1645
1825
2005
2185
2365
2545
26
206
386
566
746
926
1106
1286
1466
1646
1826
2006
2186
2366
2546
27
207
387
567
747
927
1107
1287
1467
1647
1827
2007
2187
2367
2547
28
208
388
568
748
928
1108
1288
1468
1648
1828
2008
2188
2368
2548
29
209
389
569
749
929
1109
1289
1469
1649
1829
2009
2189
2369
2549
30
210
390
570
750
930
1110
1290
1470
1650
1830
2010
2190
2370
2550
31
211
391
571
751
931
1111
1291
1471
1651
1831
2011
2191
2371
2551
32
212
392
572
752
932
1112
1292
1472
1652
1832
2012
2192
2372
2552
33
213
393
573
753
933
1113
1293
1473
1653
1833
2013
2193
2373
2553
34
214
394
574
754
934
1114
1294
1474
1654
1834
2014
2194
2374
2554
35
215
395
575
755
935
1115
1295
1475
1655
1835
2015
2195
2375
2555
36
216
396
576
756
936
1116
1296
1476
1656
1836
2016
2196
2376
2556
37
217
397
577
757
937
1117
1297
1477
1657
1837
2017
2197
2377
2557
38
218
398
578
758
938
1118
1298
1478
1658
1838
2018
2198
2378
2558
39
219
399
579
759
939
1119
1299
1479
1659
1839
2019
2199
2379
2559
40
220
400
580
760
940
1120
1300
1480
1660
1840
2020
2200
2380
2560
41
221
401
581
761
941
1121
1301
1481
1661
1841
2021
2201
2381
2561
42
222
402
582
762
942
1122
1302
1482
1662
1842
2022
2202
2382
2562
43
223
403
583
763
943
1123
1303
1483
1663
1843
2023
2203
2383
2563
44
224
404
584
764
944
1124
1304
1484
1664
1844
2024
2204
2384
2564
45
225
405
585
765
945
1125
1305
1485
1665
1845
2025
2205
2385
2565
46
226
406
586
766
946
1126
1306
1486
1666
1846
2026
2206
2386
2566
47
227
407
587
767
947
1127
1307
1487
1667
1847
2027
2207
2387
2567
48
228
408
588
768
948
1128
1308
1488
1668
1848
2028
2208
2388
2568
49
229
409
589
769
949
1129
1309
1489
1669
1849
2029
2209
2389
2569
50
230
410
590
770
950
1130
1310
1490
1670
1850
2030
2210
2390
2570
51
231
411
591
771
951
1131
1311
1491
1671
1851
2031
2211
2391
2571
52
232
412
592
772
952
1132
1312
1492
1672
1852
2032
2212
2392
2572
53
233
413
593
773
953
1133
1313
1493
1673
1853
2033
2213
2393
2573
54
234
414
594
774
954
1134
1314
1494
1674
1854
2034
2214
2394
2574
55
235
415
595
775
955
1135
1315
1495
1675
1855
2035
2215
2395
2575
56
236
416
596
776
956
1136
1316
1496
1676
1856
2036
2216
2396
2576
57
237
417
597
777
957
1137
1317
1497
1677
1857
2037
2217
2397
2577
58
238
418
598
778
958
1138
1318
1498
1678
1858
2038
2218
2398
2578
59
239
419
599
779
959
1139
1319
1499
1679
1859
2039
2219
2399
2579
60
240
420
600
780
960
1140
1320
1500
1680
1860
2040
2220
2400
2580
61
241
421
601
781
961
1141
1321
1501
1681
1861
2041
2221
2401
2581
62
242
422
602
782
962
1142
1322
1502
1682
1862
2042
2222
2402
2582
63
243
423
603
783
963
1143
1323
1503
1683
1863
2043
2223
2403
2583
64
244
424
604
784
964
1144
1324
1504
1684
1864
2044
2224
2404
2584
65
245
425
605
785
965
1145
1325
1505
1685
1865
2045
2225
2405
2585
66
246
426
606
786
966
1146
1326
1506
1686
1866
2046
2226
2406
2586
67
247
427
607
787
967
1147
1327
1507
1687
1867
2047
2227
2407
2587
68
248
428
608
788
968
1148
1328
1508
1688
1868
2048
2228
2408
2588
69
249
429
609
789
969
1149
1329
1509
1689
1869
2049
2229
2409
2589
70
250
430
610
790
970
1150
1330
1510
1690
1870
2050
2230
2410
2590
71
251
431
611
791
971
1151
1331
1511
1691
1871
2051
2231
2411
2591
72
252
432
612
792
972
1152
1332
1512
1692
1872
2052
2232
2412
2592
73
253
433
613
793
973
1153
1333
1513
1693
1873
2053
2233
2413
2593
74
254
434
614
794
974
1154
1334
1514
1694
1874
2054
2234
2414
2594
75
255
435
615
795
975
1155
1335
1515
1695
1875
2055
2235
2415
2595
76
256
436
616
796
976
1156
1336
1516
1696
1876
2056
2236
2416
2596
77
257
437
617
797
977
1157
1337
1517
1697
1877
2057
2237
2417
2597
78
258
438
618
798
978
1158
1338
1518
1698
1878
2058
2238
2418
2598
79
259
439
619
799
979
1159
1339
1519
1699
1879
2059
2239
2419
2599
80
260
440
620
800
980
1160
1340
1520
1700
1880
2060
2240
2420
2600
81
261
441
621
801
981
1161
1341
1521
1701
1881
2061
2241
2421
2601
82
262
442
622
802
982
1162
1342
1522
1702
1882
2062
2242
2422
2602
83
263
443
623
803
983
1163
1343
1523
1703
1883
2063
2243
2423
2603
84
264
444
624
804
984
1164
1344
1524
1704
1884
2064
2244
2424
2604
85
265
445
625
805
985
1165
1345
1525
1705
1885
2065
2245
2425
2605
86
266
446
626
806
986
1166
1346
1526
1706
1886
2066
2246
2426
2606
87
267
447
627
807
987
1167
1347
1527
1707
1887
2067
2247
2427
2607
88
268
448
628
808
988
1168
1348
1528
1708
1888
2068
2248
2428
2608
89
269
449
629
809
989
1169
1349
1529
1709
1889
2069
2249
2429
2609
90
270
450
630
810
990
1170
1350
1530
1710
1890
2070
2250
2430
2610
91
271
451
631
811
991
1171
1351
1531
1711
1891
2071
2251
2431
2611
92
272
452
632
812
992
1172
1352
1532
1712
1892
2072
2252
2432
2612
93
273
453
633
813
993
1173
1353
1533
1713
1893
2073
2253
2433
2613
94
274
454
634
814
994
1174
1354
1534
1714
1894
2074
2254
2434
2614
95
275
455
635
815
995
1175
1355
1535
1715
1895
2075
2255
2435
2615
96
276
456
636
816
996
1176
1356
1536
1716
1896
2076
2256
2436
2616
97
277
457
637
817
997
1177
1357
1537
1717
1897
2077
2257
2437
2617
98
278
458
638
818
998
1178
1358
1538
1718
1898
2078
2258
2438
2618
99
279
459
639
819
999
1179
1359
1539
1719
1899
2079
2259
2439
2619
100
280
460
640
820
1000
1180
1360
1540
1720
1900
2080
2260
2440
2620
101
281
461
641
821
1001
1181
1361
1541
1721
1901
2081
2261
2441
2621
102
282
462
642
822
1002
1182
1362
1542
1722
1902
2082
2262
2442
2622
103
283
463
643
823
1003
1183
1363
1543
1723
1903
2083
2263
2443
2623
104
284
464
644
824
1004
1184
1364
1544
1724
1904
2084
2264
2444
2624
105
285
465
645
825
1005
1185
1365
1545
1725
1905
2085
2265
2445
2625
106
286
466
646
826
1006
1186
1366
1546
1726
1906
2086
2266
2446
2626
107
287
467
647
827
1007
1187
1367
1547
1727
1907
2087
2267
2447
2627
108
288
468
648
828
1008
1188
1368
1548
1728
1908
2088
2268
2448
2628
109
289
469
649
829
1009
1189
1369
1549
1729
1909
2089
2269
2449
2629
110
290
470
650
830
1010
1190
1370
1550
1730
1910
2090
2270
2450
2630
111
291
471
651
831
1011
1191
1371
1551
1731
1911
2091
2271
2451
2631
112
292
472
652
832
1012
1192
1372
1552
1732
1912
2092
2272
2452
2632
113
293
473
653
833
1013
1193
1373
1553
1733
1913
2093
2273
2453
2633
114
294
474
654
834
1014
1194
1374
1554
1734
1914
2094
2274
2454
2634
115
295
475
655
835
1015
1195
1375
1555
1735
1915
2095
2275
2455
2635
116
296
476
656
836
1016
1196
1376
1556
1736
1916
2096
2276
2456
2636
117
297
477
657
837
1017
1197
1377
1557
1737
1917
2097
2277
2457
2637
118
298
478
658
838
1018
1198
1378
1558
1738
1918
2098
2278
2458
2638
119
299
479
659
839
1019
1199
1379
1559
1739
1919
2099
2279
2459
2639
120
300
480
660
840
1020
1200
1380
1560
1740
1920
2100
2280
2460
2640
121
301
481
661
841
1021
1201
1381
1561
1741
1921
2101
2281
2461
2641
122
302
482
662
842
1022
1202
1382
1562
1742
1922
2102
2282
2462
2642
123
303
483
663
843
1023
1203
1383
1563
1743
1923
2103
2283
2463
2643
124
304
484
664
844
1024
1204
1384
1564
1744
1924
2104
2284
2464
2644
125
305
485
665
845
1025
1205
1385
1565
1745
1925
2105
2285
2465
2645
126
306
486
666
846
1026
1206
1386
1566
1746
1926
2106
2286
2466
2646
127
307
487
667
847
1027
1207
1387
1567
1747
1927
2107
2287
2467
2647
128
308
488
668
848
1028
1208
1388
1568
1748
1928
2108
2288
2468
2648
129
309
489
669
849
1029
1209
1389
1569
1749
1929
2109
2289
2469
2649
130
310
490
670
850
1030
1210
1390
1570
1750
1930
2110
2290
2470
2650
131
311
491
671
851
1031
1211
1391
1571
1751
1931
2111
2291
2471
2651
132
312
492
672
852
1032
1212
1392
1572
1752
1932
2112
2292
2472
2652
133
313
493
673
853
1033
1213
1393
1573
1753
1933
2113
2293
2473
2653
134
314
494
674
854
1034
1214
1394
1574
1754
1934
2114
2294
2474
2654
135
315
495
675
855
1035
1215
1395
1575
1755
1935
2115
2295
2475
2655
136
316
496
676
856
1036
1216
1396
1576
1756
1936
2116
2296
2476
2656
137
317
497
677
857
1037
1217
1397
1577
1757
1937
2117
2297
2477
2657
138
318
498
678
858
1038
1218
1398
1578
1758
1938
2118
2298
2478
2658
139
319
499
679
859
1039
1219
1399
1579
1759
1939
2119
2299
2479
2659
140
320
500
680
860
1040
1220
1400
1580
1760
1940
2120
2300
2480
2660
141
321
501
681
861
1041
1221
1401
1581
1761
1941
2121
2301
2481
2661
142
322
502
682
862
1042
1222
1402
1582
1762
1942
2122
2302
2482
2662
143
323
503
683
863
1043
1223
1403
1583
1763
1943
2123
2303
2483
2663
144
324
504
684
864
1044
1224
1404
1584
1764
1944
2124
2304
2484
2664
145
325
505
685
865
1045
1225
1405
1585
1765
1945
2125
2305
2485
2665
146
326
506
686
866
1046
1226
1406
1586
1766
1946
2126
2306
2486
2666
147
327
507
687
867
1047
1227
1407
1587
1767
1947
2127
2307
2487
2667
148
328
508
688
868
1048
1228
1408
1588
1768
1948
2128
2308
2488
2668
149
329
509
689
869
1049
1229
1409
1589
1769
1949
2129
2309
2489
2669
150
330
510
690
870
1050
1230
1410
1590
1770
1950
2130
2310
2490
2670
151
331
511
691
871
1051
1231
1411
1591
1771
1951
2131
2311
2491
2671
152
332
512
692
872
1052
1232
1412
1592
1772
1952
2132
2312
2492
2672
153
333
513
693
873
1053
1233
1413
1593
1773
1953
2133
2313
2493
2673
154
334
514
694
874
1054
1234
1414
1594
1774
1954
2134
2314
2494
2674
155
335
515
695
875
1055
1235
1415
1595
1775
1955
2135
2315
2495
2675
156
336
516
696
876
1056
1236
1416
1596
1776
1956
2136
2316
2496
2676
157
337
517
697
877
1057
1237
1417
1597
1777
1957
2137
2317
2497
2677
158
338
518
698
878
1058
1238
1418
1598
1778
1958
2138
2318
2498
2678
159
339
519
699
879
1059
1239
1419
1599
1779
1959
2139
2319
2499
2679
160
340
520
700
880
1060
1240
1420
1600
1780
1960
2140
2320
2500
2680
161
341
521
701
881
1061
1241
1421
1601
1781
1961
2141
2321
2501
2681
162
342
522
702
882
1062
1242
1422
1602
1782
1962
2142
2322
2502
2682
163
343
523
703
883
1063
1243
1423
1603
1783
1963
2143
2323
2503
2683
164
344
524
704
884
1064
1244
1424
1604
1784
1964
2144
2324
2504
2684
165
345
525
705
885
1065
1245
1425
1605
1785
1965
2145
2325
2505
2685
166
346
526
706
886
1066
1246
1426
1606
1786
1966
2146
2326
2506
2686
167
347
527
707
887
1067
1247
1427
1607
1787
1967
2147
2327
2507
2687
168
348
528
708
888
1068
1248
1428
1608
1788
1968
2148
2328
2508
2688
169
349
529
709
889
1069
1249
1429
1609
1789
1969
2149
2329
2509
2689
170
350
530
710
890
1070
1250
1430
1610
1790
1970
2150
2330
2510
2690
171
351
531
711
891
1071
1251
1431
1611
1791
1971
2151
2331
2511
2691
172
352
532
712
892
1072
1252
1432
1612
1792
1972
2152
2332
2512
2692
173
353
533
713
893
1073
1253
1433
1613
1793
1973
2153
2333
2513
2693
174
354
534
714
894
1074
1254
1434
1614
1794
1974
2154
2334
2514
2694
175
355
535
715
895
1075
1255
1435
1615
1795
1975
2155
2335
2515
2695
176
356
536
716
896
1076
1256
1436
1616
1796
1976
2156
2336
2516
2696
177
357
537
717
897
1077
1257
1437
1617
1797
1977
2157
2337
2517
2697
178
358
538
718
898
1078
1258
1438
1618
1798
1978
2158
2338
2518
2698
179
359
539
719
899
1079
1259
1439
1619
1799
1979
2159
2339
2519
2699
0
180
360
540
720
900
1080
1260
1440
1620
1800
1980
2160
2340
2520
179
359
539
719
899
1079
1259
1439
1619
1799
1979
2159
2339
2519
2699
2520
2521
2522
2523
2524
2525
2526
2527
2528
2529
2530
2531
2532
2533
2534
2535
2536
2537
2538
2539
2540
2541
2542
2543
2544
2545
2546
2547
2548
2549
2550
2551
2552
2553
2554
2555
2556
2557
2558
2559
2560
2561
2562
2563
2564
2565
2566
2567
2568
2569
2570
2571
2572
2573
2574
2575
2576
2577
2578
2579
2580
2581
2582
2583
2584
2585
2586
2587
2588
2589
2590
2591
2592
2593
2594
2595
2596
2597
2598
2599
2600
2601
2602
2603
2604
2605
2606
2607
2608
2609
2610
2611
2612
2613
2614
2615
2616
2617
2618
2619
2620
2621
2622
2623
2624
2625
2626
2627
2628
2629
2630
2631
2632
2633
2634
2635
2636
2637
2638
2639
2640
2641
2642
2643
2644
2645
2646
2647
2648
2649
2650
2651
2652
2653
2654
2655
2656
2657
2658
2659
2660
2661
2662
2663
2664
2665
2666
2667
2668
2669
2670
2671
2672
2673
2674
2675
2676
2677
2678
2679
2680
2681
2682
2683
2684
2685
2686
2687
2688
2689
2690
2691
2692
2693
2694
2695
2696
2697
2698
2699
0
1
2
3
4
5
6
7
8
9
10
11
12
13
14
15
16
17
18
19
20
21
22
23
24
25
26
27
28
29
30
31
32
33
34
35
36
37
38
39
40
41
42
43
44
45
46
47
48
49
50
51
52
53
54
55
56
57
58
59
60
61
62
63
64
65
66
67
68
69
70
71
72
73
74
75
76
77
78
79
80
81
82
83
84
85
86
87
88
89
90
91
92
93
94
95
96
97
98
99
100
101
102
103
104
105
106
107
108
109
110
111
112
113
114
115
116
117
118
119
120
121
122
123
124
125
126
127
128
129
130
131
132
133
134
135
136
137
138
139
140
141
142
143
144
145
146
147
148
149
150
151
152
153
154
155
156
157
158
159
160
161
162
163
164
165
166
167
168
169
170
171
172
173
174
175
176
177
178
179
)


// ************************************************************************* //
