200000 10988.8 10988.8 16.098
600000 10914 10914 4.71298
1e+06 10785.5 10785.5 0.883609
1.4e+06 10634.1 10634.1 0.150962
1.8e+06 10486.4 10486.4 0.025358
2.2e+06 10358.9 10358.9 0.00424565
2.6e+06 10257.2 10257.2 0.000710285
3e+06 10180.6 10180.6 0.000118795
3.4e+06 10124.9 10124.9 1.98655e-05
3.8e+06 10085.6 10085.6 3.32171e-06
4.2e+06 10058.2 10058.2 5.55384e-07
4.6e+06 10039.4 10039.4 9.28548e-08
5e+06 10026.6 10026.6 1.55238e-08
5.4e+06 10017.9 10017.9 2.59526e-09
5.8e+06 10012 10012 4.33864e-10
6.2e+06 10008.1 10008.1 7.25301e-11
6.6e+06 10005.4 10005.4 1.21248e-11
7e+06 10003.6 10003.6 2.02688e-12
7.4e+06 10002.4 10002.4 3.38826e-13
7.8e+06 10001.6 10001.6 5.66396e-14
8.2e+06 10001.1 10001.1 9.46807e-15
8.6e+06 10000.7 10000.7 1.5827e-15
9e+06 10000.5 10000.5 2.64566e-16
9.4e+06 10000.3 10000.3 4.4225e-17
9.8e+06 10000.2 10000.2 7.39264e-18
1.02e+07 10000.1 10000.1 1.23575e-18
1.06e+07 10000.1 10000.1 2.06566e-19
1.1e+07 10000.1 10000.1 3.45291e-20
1.14e+07 10000 10000 5.77179e-21
1.18e+07 10000 10000 9.64796e-22
1.22e+07 10000 10000 1.61272e-22
1.26e+07 10000 10000 2.69577e-23
1.3e+07 10000 10000 4.50614e-24
1.34e+07 10000 10000 7.53228e-25
1.38e+07 10000 10000 1.25906e-25
1.42e+07 10000 10000 2.10459e-26
1.46e+07 10000 10000 3.51793e-27
1.5e+07 10000 10000 5.8804e-28
1.54e+07 10000 10000 9.82937e-29
1.58e+07 10000 10000 1.64302e-29
1.62e+07 10000 10000 2.74639e-30
1.66e+07 10000 10000 4.59071e-31
1.7e+07 10000 10000 7.67356e-32
1.74e+07 10000 10000 1.28267e-32
1.78e+07 10000 10000 2.14403e-33
1.82e+07 10000 10000 3.58383e-34
1.86e+07 10000 10000 5.9905e-35
1.9e+07 10000 10000 1.00133e-35
1.94e+07 10000 10000 1.67377e-36
1.98e+07 10000 10000 2.79776e-37
2.02e+07 2500 10000 4.67655e-38
2.06e+07 2500 10000 7.81701e-39
2.1e+07 2500 10000 1.30664e-39
2.14e+07 2500 10000 2.18409e-40
2.18e+07 2500 10000 3.65077e-41
2.22e+07 2500 10000 6.10238e-42
2.26e+07 2500 10000 1.02003e-42
2.3e+07 2500 10000 1.70501e-43
2.34e+07 2500 10000 2.84998e-44
2.38e+07 2500 10000 4.76382e-45
2.42e+07 10000 10000 7.96286e-46
2.46e+07 10000 10000 1.33102e-46
2.5e+07 10000 10000 2.22483e-47
2.54e+07 10000 10000 3.71886e-48
2.58e+07 10000 10000 6.21618e-49
2.62e+07 10000 10000 1.03905e-49
2.66e+07 10000 10000 1.7368e-50
2.7e+07 10000 10000 2.90311e-51
2.74e+07 10000 10000 4.85262e-52
2.78e+07 10000 10000 8.11127e-53
2.82e+07 10000 10000 1.35582e-53
2.86e+07 10000 10000 2.26629e-54
2.9e+07 10000 10000 3.78815e-55
2.94e+07 10000 10000 6.33199e-56
2.98e+07 10000 10000 1.05841e-56
3.02e+07 10000 10000 1.76915e-57
3.06e+07 10000 10000 2.95718e-58
3.1e+07 10000 10000 4.943e-59
3.14e+07 10000 10000 8.26233e-60
3.18e+07 10000 10000 1.38107e-60
3.22e+07 10000 10000 2.30849e-61
3.26e+07 10000 10000 3.85869e-62
3.3e+07 10000 10000 6.44988e-63
3.34e+07 10000 10000 1.07811e-63
3.38e+07 10000 10000 1.80209e-64
3.42e+07 10000 10000 3.01223e-65
3.46e+07 10000 10000 5.03501e-66
3.5e+07 10000 10000 8.41613e-67
3.54e+07 10000 10000 1.40677e-67
3.58e+07 10000 10000 2.35145e-68
3.62e+07 10000 10000 3.9305e-69
3.66e+07 10000 10000 6.56992e-70
3.7e+07 10000 10000 1.09818e-70
3.74e+07 10000 10000 1.83562e-71
3.78e+07 10000 10000 3.06828e-72
3.82e+07 10000 10000 5.1287e-73
3.86e+07 10000 10000 8.57273e-74
3.9e+07 10000 10000 1.43295e-74
3.94e+07 10000 10000 2.3952e-75
3.98e+07 10000 10000 4.00363e-76
