200000 10000.1 10000.1 0.00426619
600000 10000.2 10000.2 0.00630478
1e+06 10000.3 10000.3 0.00931722
1.4e+06 10000.4 10000.4 0.0137683
1.8e+06 10000.6 10000.6 0.0203444
2.2e+06 10000.9 10000.9 0.0300583
2.6e+06 10001.3 10001.3 0.0444035
3e+06 10001.9 10001.9 0.0655801
3.4e+06 10002.9 10002.9 0.0968237
3.8e+06 10004.2 10004.2 0.142882
4.2e+06 10006.3 10006.3 0.210697
4.6e+06 10009.3 10009.3 0.310368
5e+06 10013.8 10013.8 0.456471
5.4e+06 10020.3 10020.3 0.669801
5.8e+06 10029.9 10029.9 0.979509
6.2e+06 10043.8 10043.8 1.42535
6.6e+06 10063.6 10063.6 2.05926
7e+06 10091.6 10091.6 2.94436
7.4e+06 10129.8 10129.8 4.14792
7.8e+06 10180.3 10180.3 5.72285
8.2e+06 10243.3 10243.3 7.67227
8.6e+06 10315.8 10315.8 9.89825
9e+06 10389.9 10389.9 12.1545
9.4e+06 10452.4 10452.4 14.049
9.8e+06 10488.7 10488.7 15.1446
1.02e+07 10488.7 10488.7 15.1446
1.06e+07 10452.4 10452.4 14.049
1.1e+07 10389.9 10389.9 12.1545
1.14e+07 10315.8 10315.8 9.89825
1.18e+07 10243.3 10243.3 7.67227
1.22e+07 10180.3 10180.3 5.72285
1.26e+07 10129.8 10129.8 4.14792
1.3e+07 10091.6 10091.6 2.94436
1.34e+07 10063.6 10063.6 2.05926
1.38e+07 10043.8 10043.8 1.42535
1.42e+07 10029.9 10029.9 0.979509
1.46e+07 10020.3 10020.3 0.669801
1.5e+07 10013.8 10013.8 0.456471
1.54e+07 10009.3 10009.3 0.310368
1.58e+07 10006.3 10006.3 0.210697
1.62e+07 10004.2 10004.2 0.142882
1.66e+07 10002.9 10002.9 0.0968237
1.7e+07 10001.9 10001.9 0.0655801
1.74e+07 10001.3 10001.3 0.0444035
1.78e+07 10000.9 10000.9 0.0300583
1.82e+07 10000.6 10000.6 0.0203444
1.86e+07 10000.4 10000.4 0.0137683
1.9e+07 10000.3 10000.3 0.00931722
1.94e+07 10000.2 10000.2 0.00630478
1.98e+07 10000.1 10000.1 0.00426619
2.02e+07 7000.08 10000.1 0.00288669
2.06e+07 7000.05 10000.1 0.00195323
2.1e+07 7000.04 10000 0.00132161
2.14e+07 7000.02 10000 0.000894227
2.18e+07 7000.02 10000 0.00060505
2.22e+07 7000.01 10000 0.000409386
2.26e+07 7000.01 10000 0.000276996
2.3e+07 7000.01 10000 0.000187419
2.34e+07 7000 10000 0.00012681
2.38e+07 7000 10000 8.58011e-05
2.42e+07 10000 10000 5.80539e-05
2.46e+07 10000 10000 3.92799e-05
2.5e+07 10000 10000 2.65772e-05
2.54e+07 10000 10000 1.79824e-05
2.58e+07 10000 10000 1.2167e-05
2.62e+07 10000 10000 8.23233e-06
2.66e+07 10000 10000 5.57007e-06
2.7e+07 10000 10000 3.76876e-06
2.74e+07 10000 10000 2.54997e-06
2.78e+07 10000 10000 1.72534e-06
2.82e+07 10000 10000 1.16738e-06
2.86e+07 10000 10000 7.89857e-07
2.9e+07 10000 10000 5.34424e-07
2.94e+07 10000 10000 3.61596e-07
2.98e+07 10000 10000 2.44659e-07
3.02e+07 10000 10000 1.65538e-07
3.06e+07 10000 10000 1.12004e-07
3.1e+07 10000 10000 7.57831e-08
3.14e+07 10000 10000 5.12755e-08
3.18e+07 10000 10000 3.46934e-08
3.22e+07 10000 10000 2.34738e-08
3.26e+07 10000 10000 1.58826e-08
3.3e+07 10000 10000 1.07463e-08
3.34e+07 10000 10000 7.27101e-09
3.38e+07 10000 10000 4.91962e-09
3.42e+07 10000 10000 3.32866e-09
3.46e+07 10000 10000 2.25219e-09
3.5e+07 10000 10000 1.52385e-09
3.54e+07 10000 10000 1.03105e-09
3.58e+07 10000 10000 6.97616e-10
3.62e+07 10000 10000 4.72012e-10
3.66e+07 10000 10000 3.19367e-10
3.7e+07 10000 10000 2.16086e-10
3.74e+07 10000 10000 1.46206e-10
3.78e+07 10000 10000 9.89237e-11
3.82e+07 10000 10000 6.69325e-11
3.86e+07 10000 10000 4.5287e-11
3.9e+07 10000 10000 3.06416e-11
3.94e+07 10000 10000 2.07323e-11
3.98e+07 10000 10000 1.40276e-11
