#time mag RMS inf sum variance min max
0 1 1 1 1 0 1 1
50 0.999998 0.999998 1.00377 0.999998 8.88511e-08 0.997012 1.00377
100 1.00001 1.00001 1.01177 1.00001 3.55935e-07 0.993763 1.01177
150 1 1 1.0086 1 2.75556e-07 0.996202 1.0086
200 0.999992 0.999992 1.00529 0.999992 2.44445e-07 0.996296 1.00529
250 0.999999 0.999999 1.00609 0.999999 3.71309e-07 0.993633 1.00609
300 1 1 1.00678 1 5.20249e-07 0.99232 1.00678
350 1.00001 1.00001 1.00735 1.00001 6.96045e-07 0.991485 1.00735
400 0.999983 0.999983 1.00806 0.999983 7.90152e-07 0.990976 1.00806
450 0.999993 0.999993 1.00842 0.999993 6.6947e-07 0.990887 1.00842
500 0.999997 0.999997 1.0091 0.999997 6.28799e-07 0.99029 1.0091
550 1 1 1.00956 1 7.34551e-07 0.990151 1.00956
600 1 1 1.01017 1 8.59894e-07 0.990001 1.01017
650 0.999998 0.999998 1.01162 0.999998 1.02027e-06 0.989326 1.01162
700 1.00001 1.00001 1.01567 1.00001 1.20071e-06 0.988583 1.01567
750 1 1 1.01085 1 8.44947e-07 0.992838 1.01085
800 0.999992 0.999993 1.00834 0.999992 7.79005e-07 0.993654 1.00834
850 0.999999 1 1.00883 0.999999 9.04747e-07 0.990705 1.00883
900 1 1 1.00927 1 1.04308e-06 0.989644 1.00927
950 1.00001 1.00001 1.00975 1.00001 1.18062e-06 0.989011 1.00975
1000 0.999982 0.999983 1.01016 0.999982 1.20844e-06 0.988686 1.01016
1050 0.999993 0.999993 1.01049 0.999993 1.04287e-06 0.988648 1.01049
1100 0.999996 0.999996 1.01094 0.999996 9.78749e-07 0.988183 1.01094
1150 1 1 1.0113 1 1.07627e-06 0.988169 1.0113
1200 1 1 1.01185 1 1.18992e-06 0.988213 1.01185
1250 0.999997 0.999998 1.01319 0.999997 1.33064e-06 0.98765 1.01319
1300 1.00001 1.00001 1.01626 1.00001 1.45596e-06 0.987153 1.01626
1350 1 1 1.01138 1 1.05672e-06 0.991809 1.01138
1400 0.999992 0.999993 1.0091 0.999992 9.80474e-07 0.992897 1.0091
1450 0.999999 1 1.00966 0.999999 1.09432e-06 0.989855 1.00966
1500 1 1 1.01004 1 1.22851e-06 0.988849 1.01004
1550 1.00001 1.00001 1.01042 1.00001 1.3547e-06 0.988255 1.01042
1600 0.999982 0.999983 1.01076 0.999982 1.35576e-06 0.987984 1.01076
1650 0.999993 0.999993 1.01111 0.999993 1.18981e-06 0.987869 1.01111
1700 0.999995 0.999996 1.01152 0.999995 1.1228e-06 0.987517 1.01152
1750 1 1 1.01189 1 1.21526e-06 0.987524 1.01189
1800 1 1 1.01241 1 1.32505e-06 0.98753 1.01241
1850 0.999997 0.999998 1.01385 0.999997 1.46082e-06 0.987032 1.01385
1900 1.00001 1.00002 1.01636 1.00001 1.55593e-06 0.986928 1.01636
1950 1 1 1.0115 1 1.14784e-06 0.991394 1.0115
2000 0.999993 0.999993 1.00942 0.999993 1.07125e-06 0.992623 1.00942
2050 0.999999 1 1.00999 0.999999 1.18031e-06 0.98949 1.00999
2100 1 1 1.01036 1 1.31451e-06 0.988523 1.01036
2150 1.00001 1.00001 1.01069 1.00001 1.43831e-06 0.987939 1.01069
2200 0.999982 0.999982 1.01101 0.999982 1.42472e-06 0.987672 1.01101
2250 0.999993 0.999993 1.01138 0.999993 1.26154e-06 0.987502 1.01138
2300 0.999995 0.999996 1.01179 0.999995 1.19528e-06 0.987242 1.01179
2350 1 1 1.01217 1 1.2867e-06 0.98726 1.01217
2400 1 1 1.01262 1 1.39455e-06 0.987237 1.01262
2450 0.999997 0.999997 1.0141 0.999997 1.52975e-06 0.986792 1.0141
2500 1.00002 1.00002 1.01636 1.00002 1.60083e-06 0.986981 1.01636
2550 1 1 1.0115 1 1.19475e-06 0.99121 1.0115
2600 0.999993 0.999993 1.00967 0.999993 1.11998e-06 0.992512 1.00967
2650 0.999999 1 1.01016 0.999999 1.22767e-06 0.989313 1.01016
2700 1 1 1.01051 1 1.36327e-06 0.988381 1.01051
2750 1.00001 1.00001 1.01082 1.00001 1.48623e-06 0.987729 1.01082
2800 0.999982 0.999982 1.01114 0.999982 1.46462e-06 0.98749 1.01114
2850 0.999993 0.999993 1.01152 0.999993 1.30167e-06 0.987301 1.01152
2900 0.999995 0.999996 1.01194 0.999995 1.23772e-06 0.987054 1.01194
2950 1 1 1.01231 1 1.32887e-06 0.987157 1.01231
3000 1 1 1.01268 1 1.43709e-06 0.987117 1.01268
3050 0.999996 0.999997 1.01414 0.999996 1.57277e-06 0.986703 1.01414
3100 1.00002 1.00002 1.01628 1.00002 1.6224e-06 0.986683 1.01628
3150 1 1 1.01149 1 1.22101e-06 0.991147 1.01149
3200 0.999993 0.999993 1.00981 0.999993 1.14918e-06 0.992465 1.00981
3250 0.999999 1 1.01022 0.999999 1.2566e-06 0.989234 1.01022
3300 1 1 1.01058 1 1.39466e-06 0.988321 1.01058
3350 1.00001 1.00001 1.01089 1.00001 1.51637e-06 0.987598 1.01089
3400 0.999981 0.999982 1.01122 0.999981 1.48879e-06 0.987393 1.01122
3450 0.999993 0.999993 1.0116 0.999993 1.32579e-06 0.987181 1.0116
3500 0.999995 0.999996 1.01202 0.999995 1.26542e-06 0.986898 1.01202
3550 1 1 1.01239 1 1.35656e-06 0.987115 1.01239
3600 1 1 1.0128 1 1.46691e-06 0.987098 1.0128
3650 0.999996 0.999997 1.01421 0.999996 1.60109e-06 0.986581 1.01421
3700 1.00002 1.00002 1.01615 1.00002 1.63542e-06 0.986623 1.01615
3750 1 1 1.01145 1 1.23694e-06 0.991141 1.01145
3800 0.999993 0.999993 1.00987 0.999993 1.16846e-06 0.992464 1.00987
3850 0.999999 1 1.01024 0.999999 1.27606e-06 0.989214 1.01024
3900 1 1 1.01061 1 1.41683e-06 0.988267 1.01061
3950 1.00001 1.00001 1.01092 1.00001 1.53775e-06 0.987516 1.01092
4000 0.999981 0.999982 1.01126 0.999981 1.50511e-06 0.987339 1.01126
4050 0.999993 0.999994 1.01164 0.999993 1.34107e-06 0.987108 1.01164
4100 0.999995 0.999995 1.01211 0.999995 1.28465e-06 0.986802 1.01211
4150 1 1 1.01248 1 1.3763e-06 0.98701 1.01248
4200 1 1 1.01295 1 1.48872e-06 0.987068 1.01295
4250 0.999996 0.999997 1.01444 0.999996 1.62103e-06 0.986373 1.01444
4300 1.00002 1.00002 1.01605 1.00002 1.64256e-06 0.986712 1.01605
4350 1 1 1.01139 1 1.24699e-06 0.991169 1.01139
4400 0.999993 0.999993 1.00988 0.999993 1.1819e-06 0.99249 1.00988
4450 0.999999 1 1.01022 0.999999 1.28992e-06 0.98923 1.01022
4500 1 1 1.01061 1 1.43324e-06 0.988221 1.01061
4550 1.00001 1.00001 1.01094 1.00001 1.55456e-06 0.987463 1.01094
4600 0.999981 0.999982 1.01129 0.999981 1.51579e-06 0.987311 1.01129
4650 0.999993 0.999994 1.01167 0.999993 1.35196e-06 0.987063 1.01167
4700 0.999995 0.999995 1.01218 0.999995 1.29921e-06 0.986734 1.01218
4750 1 1 1.01253 1 1.39147e-06 0.986924 1.01253
4800 1 1 1.01303 1 1.505e-06 0.986935 1.01303
4850 0.999996 0.999996 1.01458 0.999996 1.63722e-06 0.98623 1.01458
4900 1.00002 1.00002 1.01596 1.00002 1.64489e-06 0.986885 1.01596
4950 1 1 1.01131 1 1.25401e-06 0.991178 1.01131
5000 0.999993 0.999993 1.00984 0.999993 1.19155e-06 0.992537 1.00984
5050 0.999999 1 1.01018 0.999999 1.30019e-06 0.989265 1.01018
5100 1 1 1.0106 1 1.44563e-06 0.988198 1.0106
5150 1.00001 1.00001 1.01094 1.00001 1.56904e-06 0.98743 1.01094
5200 0.999982 0.999982 1.01131 0.999982 1.52246e-06 0.987301 1.01131
5250 0.999993 0.999993 1.01168 0.999993 1.36057e-06 0.987036 1.01168
5300 0.999994 0.999995 1.01224 0.999994 1.31083e-06 0.986689 1.01224
5350 1 1 1.01255 1 1.40347e-06 0.986867 1.01255
5400 1 1 1.01307 1 1.51842e-06 0.986843 1.01307
5450 0.999995 0.999996 1.01461 0.999995 1.6503e-06 0.986161 1.01461
5500 1.00002 1.00002 1.01583 1.00002 1.64306e-06 0.986923 1.01583
5550 1 1 1.01123 1 1.25871e-06 0.991206 1.01123
5600 0.999992 0.999993 1.00976 0.999992 1.19887e-06 0.992578 1.00976
5650 0.999999 1 1.01012 0.999999 1.30795e-06 0.98932 1.01012
5700 1 1 1.01058 1 1.45542e-06 0.98819 1.01058
5750 1.00001 1.00001 1.01094 1.00001 1.58118e-06 0.987409 1.01094
5800 0.999982 0.999983 1.01132 0.999982 1.52688e-06 0.987305 1.01132
5850 0.999993 0.999993 1.01171 0.999993 1.36728e-06 0.987022 1.01171
5900 0.999994 0.999995 1.01227 0.999994 1.32017e-06 0.986662 1.01227
5950 1 1 1.01255 1 1.41246e-06 0.986834 1.01255
6000 1 1 1.01309 1 1.52995e-06 0.986783 1.01309
