#time   totalV   totalAV   Vchange   AVchange   Tchange   ATchange
0    1e+11    1e+11    0    0    0    0    
0.5    1e+11    1e+11    0    0    -2.55226e-16    -2.55226e-16    
1    1e+11    1e+11    0    0    1.14852e-15    1.14852e-15    
1.5    1e+11    1e+11    0    0    2.16942e-15    2.16942e-15    
2    1e+11    1e+11    0    0    2.55226e-16    2.55226e-16    
2.5    1e+11    1e+11    0    0    -2.55226e-16    -2.55226e-16    
3    1e+11    1e+11    0    0    1.27613e-16    1.27613e-16    
3.5    1e+11    1e+11    0    0    6.38065e-16    6.38065e-16    
4    1e+11    1e+11    0    0    3.82839e-16    3.82839e-16    
4.5    1e+11    1e+11    0    0    3.82839e-16    3.82839e-16    
5    1e+11    1e+11    0    0    -6.38065e-16    -6.38065e-16    
5.5    1e+11    1e+11    0    0    7.65678e-16    7.65678e-16    
6    1e+11    1e+11    0    0    1.40374e-15    1.40374e-15    
6.5    1e+11    1e+11    0    0    -3.82839e-16    -3.82839e-16    
7    1e+11    1e+11    0    0    1.0209e-15    1.0209e-15    
7.5    1e+11    1e+11    0    0    -2.55226e-16    -2.55226e-16    
8    1e+11    1e+11    0    0    -5.10452e-16    -5.10452e-16    
8.5    1e+11    1e+11    0    0    0    0    
9    1e+11    1e+11    0    0    1.78658e-15    1.78658e-15    
9.5    1e+11    1e+11    0    0    5.10452e-16    5.10452e-16    
10    1e+11    1e+11    0    0    1.40374e-15    1.40374e-15    
10.5    1e+11    1e+11    0    0    1.78658e-15    1.78658e-15    
11    1e+11    1e+11    0    0    1.53136e-15    1.53136e-15    
11.5    1e+11    1e+11    0    0    2.55226e-16    2.55226e-16    
12    1e+11    1e+11    0    0    1.27613e-16    1.27613e-16    
12.5    1e+11    1e+11    0    0    -1.27613e-16    -1.27613e-16    
13    1e+11    1e+11    0    0    7.65678e-16    7.65678e-16    
13.5    1e+11    1e+11    0    0    6.38065e-16    6.38065e-16    
14    1e+11    1e+11    0    0    2.55226e-16    2.55226e-16    
14.5    1e+11    1e+11    0    0    2.55226e-16    2.55226e-16    
15    1e+11    1e+11    0    0    -7.65678e-16    -7.65678e-16    
15.5    1e+11    1e+11    0    0    -1.40374e-15    -1.40374e-15    
16    1e+11    1e+11    0    0    6.38065e-16    6.38065e-16    
16.5    1e+11    1e+11    0    0    -5.10452e-16    -5.10452e-16    
17    1e+11    1e+11    0    0    1.27613e-15    1.27613e-15    
17.5    1e+11    1e+11    0    0    -1.27613e-16    -1.27613e-16    
18    1e+11    1e+11    0    0    -1.40374e-15    -1.40374e-15    
18.5    1e+11    1e+11    0    0    -3.82839e-16    -3.82839e-16    
19    1e+11    1e+11    0    0    -8.93291e-16    -8.93291e-16    
19.5    1e+11    1e+11    0    0    -1.53136e-15    -1.53136e-15    
20    1e+11    1e+11    0    0    1.40374e-15    1.40374e-15    
20.5    1e+11    1e+11    0    0    1.14852e-15    1.14852e-15    
21    1e+11    1e+11    0    0    1.0209e-15    1.0209e-15    
21.5    1e+11    1e+11    0    0    3.82839e-16    3.82839e-16    
22    1e+11    1e+11    0    0    -1.9142e-15    -1.9142e-15    
22.5    1e+11    1e+11    0    0    0    0    
23    1e+11    1e+11    0    0    -8.93291e-16    -8.93291e-16    
23.5    1e+11    1e+11    0    0    5.10452e-16    5.10452e-16    
24    1e+11    1e+11    0    0    -1.40374e-15    -1.40374e-15    
24.5    1e+11    1e+11    0    0    8.93291e-16    8.93291e-16    
25    1e+11    1e+11    0    0    2.55226e-16    2.55226e-16    
25.5    1e+11    1e+11    0    0    -8.93291e-16    -8.93291e-16    
26    1e+11    1e+11    0    0    2.55226e-16    2.55226e-16    
26.5    1e+11    1e+11    0    0    -3.82839e-16    -3.82839e-16    
27    1e+11    1e+11    0    0    -5.10452e-16    -5.10452e-16    
27.5    1e+11    1e+11    0    0    2.9351e-15    2.9351e-15    
28    1e+11    1e+11    0    0    1.65897e-15    1.65897e-15    
28.5    1e+11    1e+11    0    0    -2.67987e-15    -2.67987e-15    
29    1e+11    1e+11    0    0    -8.93291e-16    -8.93291e-16    
29.5    1e+11    1e+11    0    0    8.93291e-16    8.93291e-16    
30    1e+11    1e+11    0    0    7.65678e-16    7.65678e-16    
30.5    1e+11    1e+11    0    0    1.14852e-15    1.14852e-15    
31    1e+11    1e+11    0    0    -2.9351e-15    -2.9351e-15    
31.5    1e+11    1e+11    0    0    3.82839e-16    3.82839e-16    
32    1e+11    1e+11    0    0    -2.04181e-15    -2.04181e-15    
32.5    1e+11    1e+11    0    0    6.38065e-16    6.38065e-16    
33    1e+11    1e+11    0    0    0    0    
33.5    1e+11    1e+11    0    0    -2.55226e-16    -2.55226e-16    
34    1e+11    1e+11    0    0    -3.82839e-16    -3.82839e-16    
34.5    1e+11    1e+11    0    0    1.0209e-15    1.0209e-15    
35    1e+11    1e+11    0    0    -3.82839e-16    -3.82839e-16    
35.5    1e+11    1e+11    0    0    -2.55226e-15    -2.55226e-15    
36    1e+11    1e+11    0    0    0    0    
36.5    1e+11    1e+11    0    0    0    0    
37    1e+11    1e+11    0    0    -2.04181e-15    -2.04181e-15    
37.5    1e+11    1e+11    0    0    -1.9142e-15    -1.9142e-15    
38    1e+11    1e+11    0    0    -2.55226e-16    -2.55226e-16    
38.5    1e+11    1e+11    0    0    1.27613e-15    1.27613e-15    
39    1e+11    1e+11    0    0    1.65897e-15    1.65897e-15    
39.5    1e+11    1e+11    0    0    1.27613e-15    1.27613e-15    
40    1e+11    1e+11    0    0    -3.82839e-16    -3.82839e-16    
40.5    1e+11    1e+11    0    0    1.27613e-15    1.27613e-15    
41    1e+11    1e+11    0    0    -6.38065e-16    -6.38065e-16    
41.5    1e+11    1e+11    0    0    7.65678e-16    7.65678e-16    
42    1e+11    1e+11    0    0    -1.0209e-15    -1.0209e-15    
42.5    1e+11    1e+11    0    0    3.82839e-16    3.82839e-16    
43    1e+11    1e+11    0    0    -3.82839e-16    -3.82839e-16    
43.5    1e+11    1e+11    0    0    -8.93291e-16    -8.93291e-16    
44    1e+11    1e+11    0    0    8.93291e-16    8.93291e-16    
44.5    1e+11    1e+11    0    0    -2.16942e-15    -2.16942e-15    
45    1e+11    1e+11    0    0    -1.65897e-15    -1.65897e-15    
45.5    1e+11    1e+11    0    0    -1.40374e-15    -1.40374e-15    
46    1e+11    1e+11    0    0    1.53136e-15    1.53136e-15    
46.5    1e+11    1e+11    0    0    3.82839e-16    3.82839e-16    
47    1e+11    1e+11    0    0    -2.16942e-15    -2.16942e-15    
47.5    1e+11    1e+11    0    0    -1.27613e-15    -1.27613e-15    
48    1e+11    1e+11    0    0    1.78658e-15    1.78658e-15    
48.5    1e+11    1e+11    0    0    2.42465e-15    2.42465e-15    
49    1e+11    1e+11    0    0    7.65678e-16    7.65678e-16    
49.5    1e+11    1e+11    0    0    -1.27613e-15    -1.27613e-15    
50    1e+11    1e+11    0    0    6.38065e-16    6.38065e-16    
50.5    1e+11    1e+11    0    0    -1.65897e-15    -1.65897e-15    
51    1e+11    1e+11    0    0    7.65678e-16    7.65678e-16    
51.5    1e+11    1e+11    0    0    0    0    
52    1e+11    1e+11    0    0    1.14852e-15    1.14852e-15    
52.5    1e+11    1e+11    0    0    2.55226e-16    2.55226e-16    
53    1e+11    1e+11    0    0    -1.27613e-16    -1.27613e-16    
53.5    1e+11    1e+11    0    0    -1.53136e-15    -1.53136e-15    
54    1e+11    1e+11    0    0    1.27613e-16    1.27613e-16    
54.5    1e+11    1e+11    0    0    -1.9142e-15    -1.9142e-15    
55    1e+11    1e+11    0    0    0    0    
55.5    1e+11    1e+11    0    0    2.80749e-15    2.80749e-15    
56    1e+11    1e+11    0    0    -3.82839e-16    -3.82839e-16    
56.5    1e+11    1e+11    0    0    -2.04181e-15    -2.04181e-15    
57    1e+11    1e+11    0    0    -8.93291e-16    -8.93291e-16    
57.5    1e+11    1e+11    0    0    3.82839e-16    3.82839e-16    
58    1e+11    1e+11    0    0    -2.55226e-16    -2.55226e-16    
58.5    1e+11    1e+11    0    0    -7.65678e-16    -7.65678e-16    
59    1e+11    1e+11    0    0    -8.93291e-16    -8.93291e-16    
59.5    1e+11    1e+11    0    0    -1.65897e-15    -1.65897e-15    
60    1e+11    1e+11    0    0    1.40374e-15    1.40374e-15    
60.5    1e+11    1e+11    0    0    -7.65678e-16    -7.65678e-16    
61    1e+11    1e+11    0    0    2.55226e-15    2.55226e-15    
61.5    1e+11    1e+11    0    0    6.38065e-16    6.38065e-16    
62    1e+11    1e+11    0    0    -6.38065e-16    -6.38065e-16    
62.5    1e+11    1e+11    0    0    -5.10452e-16    -5.10452e-16    
63    1e+11    1e+11    0    0    -2.67987e-15    -2.67987e-15    
63.5    1e+11    1e+11    0    0    2.55226e-16    2.55226e-16    
64    1e+11    1e+11    0    0    8.93291e-16    8.93291e-16    
64.5    1e+11    1e+11    0    0    8.93291e-16    8.93291e-16    
65    1e+11    1e+11    0    0    1.78658e-15    1.78658e-15    
65.5    1e+11    1e+11    0    0    2.55226e-15    2.55226e-15    
66    1e+11    1e+11    0    0    -1.14852e-15    -1.14852e-15    
66.5    1e+11    1e+11    0    0    -1.9142e-15    -1.9142e-15    
67    1e+11    1e+11    0    0    -5.10452e-16    -5.10452e-16    
67.5    1e+11    1e+11    0    0    -2.55226e-16    -2.55226e-16    
68    1e+11    1e+11    0    0    -1.27613e-16    -1.27613e-16    
68.5    1e+11    1e+11    0    0    2.55226e-15    2.55226e-15    
69    1e+11    1e+11    0    0    1.14852e-15    1.14852e-15    
69.5    1e+11    1e+11    0    0    -1.78658e-15    -1.78658e-15    
70    1e+11    1e+11    0    0    2.67987e-15    2.67987e-15    
70.5    1e+11    1e+11    0    0    0    0    
71    1e+11    1e+11    0    0    -2.04181e-15    -2.04181e-15    
71.5    1e+11    1e+11    0    0    -5.10452e-16    -5.10452e-16    
72    1e+11    1e+11    0    0    1.27613e-15    1.27613e-15    
72.5    1e+11    1e+11    0    0    2.04181e-15    2.04181e-15    
73    1e+11    1e+11    0    0    8.93291e-16    8.93291e-16    
73.5    1e+11    1e+11    0    0    -2.42465e-15    -2.42465e-15    
74    1e+11    1e+11    0    0    1.27613e-15    1.27613e-15    
74.5    1e+11    1e+11    0    0    1.65897e-15    1.65897e-15    
75    1e+11    1e+11    0    0    -1.27613e-16    -1.27613e-16    
75.5    1e+11    1e+11    0    0    -2.16942e-15    -2.16942e-15    
76    1e+11    1e+11    0    0    3.31794e-15    3.31794e-15    
76.5    1e+11    1e+11    0    0    -3.82839e-16    -3.82839e-16    
77    1e+11    1e+11    0    0    -1.78658e-15    -1.78658e-15    
77.5    1e+11    1e+11    0    0    1.78658e-15    1.78658e-15    
78    1e+11    1e+11    0    0    -1.0209e-15    -1.0209e-15    
78.5    1e+11    1e+11    0    0    -1.9142e-15    -1.9142e-15    
79    1e+11    1e+11    0    0    3.82839e-16    3.82839e-16    
79.5    1e+11    1e+11    0    0    2.04181e-15    2.04181e-15    
80    1e+11    1e+11    0    0    -1.78658e-15    -1.78658e-15    
80.5    1e+11    1e+11    0    0    -2.55226e-16    -2.55226e-16    
81    1e+11    1e+11    0    0    -2.55226e-15    -2.55226e-15    
81.5    1e+11    1e+11    0    0    6.38065e-16    6.38065e-16    
82    1e+11    1e+11    0    0    -1.53136e-15    -1.53136e-15    
82.5    1e+11    1e+11    0    0    -2.67987e-15    -2.67987e-15    
83    1e+11    1e+11    0    0    -2.29704e-15    -2.29704e-15    
83.5    1e+11    1e+11    0    0    -2.67987e-15    -2.67987e-15    
84    1e+11    1e+11    0    0    -2.55226e-16    -2.55226e-16    
84.5    1e+11    1e+11    0    0    -3.82839e-16    -3.82839e-16    
85    1e+11    1e+11    0    0    -6.38065e-16    -6.38065e-16    
85.5    1e+11    1e+11    0    0    7.65678e-16    7.65678e-16    
86    1e+11    1e+11    0    0    0    0    
86.5    1e+11    1e+11    0    0    2.16942e-15    2.16942e-15    
87    1e+11    1e+11    0    0    -5.10452e-16    -5.10452e-16    
87.5    1e+11    1e+11    0    0    2.55226e-16    2.55226e-16    
88    1e+11    1e+11    0    0    -8.93291e-16    -8.93291e-16    
88.5    1e+11    1e+11    0    0    -3.19033e-15    -3.19033e-15    
89    1e+11    1e+11    0    0    3.31794e-15    3.31794e-15    
89.5    1e+11    1e+11    0    0    -1.0209e-15    -1.0209e-15    
90    1e+11    1e+11    0    0    -1.40374e-15    -1.40374e-15    
90.5    1e+11    1e+11    0    0    -1.27613e-16    -1.27613e-16    
91    1e+11    1e+11    0    0    -1.65897e-15    -1.65897e-15    
91.5    1e+11    1e+11    0    0    1.27613e-16    1.27613e-16    
92    1e+11    1e+11    0    0    -1.27613e-16    -1.27613e-16    
92.5    1e+11    1e+11    0    0    2.42465e-15    2.42465e-15    
93    1e+11    1e+11    0    0    1.9142e-15    1.9142e-15    
93.5    1e+11    1e+11    0    0    -1.27613e-16    -1.27613e-16    
94    1e+11    1e+11    0    0    -2.9351e-15    -2.9351e-15    
94.5    1e+11    1e+11    0    0    -3.44555e-15    -3.44555e-15    
95    1e+11    1e+11    0    0    1.0209e-15    1.0209e-15    
95.5    1e+11    1e+11    0    0    5.10452e-16    5.10452e-16    
96    1e+11    1e+11    0    0    2.42465e-15    2.42465e-15    
96.5    1e+11    1e+11    0    0    2.67987e-15    2.67987e-15    
97    1e+11    1e+11    0    0    -2.55226e-16    -2.55226e-16    
97.5    1e+11    1e+11    0    0    4.59407e-15    4.59407e-15    
98    1e+11    1e+11    0    0    1.27613e-15    1.27613e-15    
98.5    1e+11    1e+11    0    0    1.9142e-15    1.9142e-15    
99    1e+11    1e+11    0    0    4.72168e-15    4.72168e-15    
99.5    1e+11    1e+11    0    0    2.9351e-15    2.9351e-15    
100    1e+11    1e+11    0    0    2.67987e-15    2.67987e-15    
100.5    1e+11    1e+11    0    0    2.9351e-15    2.9351e-15    
101    1e+11    1e+11    0    0    3.82839e-16    3.82839e-16    
101.5    1e+11    1e+11    0    0    1.0209e-15    1.0209e-15    
102    1e+11    1e+11    0    0    2.04181e-15    2.04181e-15    
102.5    1e+11    1e+11    0    0    6.38065e-16    6.38065e-16    
103    1e+11    1e+11    0    0    -1.65897e-15    -1.65897e-15    
103.5    1e+11    1e+11    0    0    7.65678e-16    7.65678e-16    
104    1e+11    1e+11    0    0    1.53136e-15    1.53136e-15    
104.5    1e+11    1e+11    0    0    8.93291e-16    8.93291e-16    
105    1e+11    1e+11    0    0    -3.82839e-16    -3.82839e-16    
105.5    1e+11    1e+11    0    0    1.53136e-15    1.53136e-15    
106    1e+11    1e+11    0    0    1.27613e-16    1.27613e-16    
106.5    1e+11    1e+11    0    0    2.42465e-15    2.42465e-15    
107    1e+11    1e+11    0    0    -1.27613e-16    -1.27613e-16    
107.5    1e+11    1e+11    0    0    2.80749e-15    2.80749e-15    
108    1e+11    1e+11    0    0    3.82839e-16    3.82839e-16    
108.5    1e+11    1e+11    0    0    1.27613e-15    1.27613e-15    
109    1e+11    1e+11    0    0    2.29704e-15    2.29704e-15    
109.5    1e+11    1e+11    0    0    7.65678e-16    7.65678e-16    
110    1e+11    1e+11    0    0    1.27613e-15    1.27613e-15    
110.5    1e+11    1e+11    0    0    3.82839e-16    3.82839e-16    
111    1e+11    1e+11    0    0    2.55226e-15    2.55226e-15    
111.5    1e+11    1e+11    0    0    -2.55226e-16    -2.55226e-16    
112    1e+11    1e+11    0    0    1.14852e-15    1.14852e-15    
112.5    1e+11    1e+11    0    0    2.55226e-15    2.55226e-15    
113    1e+11    1e+11    0    0    1.27613e-15    1.27613e-15    
113.5    1e+11    1e+11    0    0    -3.82839e-16    -3.82839e-16    
114    1e+11    1e+11    0    0    7.65678e-16    7.65678e-16    
114.5    1e+11    1e+11    0    0    3.82839e-16    3.82839e-16    
115    1e+11    1e+11    0    0    7.65678e-16    7.65678e-16    
115.5    1e+11    1e+11    0    0    -1.78658e-15    -1.78658e-15    
116    1e+11    1e+11    0    0    1.27613e-16    1.27613e-16    
116.5    1e+11    1e+11    0    0    -3.82839e-16    -3.82839e-16    
117    1e+11    1e+11    0    0    3.19033e-15    3.19033e-15    
117.5    1e+11    1e+11    0    0    -1.27613e-16    -1.27613e-16    
118    1e+11    1e+11    0    0    1.65897e-15    1.65897e-15    
118.5    1e+11    1e+11    0    0    -2.55226e-16    -2.55226e-16    
119    1e+11    1e+11    0    0    1.40374e-15    1.40374e-15    
119.5    1e+11    1e+11    0    0    2.80749e-15    2.80749e-15    
120    1e+11    1e+11    0    0    2.04181e-15    2.04181e-15    
120.5    1e+11    1e+11    0    0    1.40374e-15    1.40374e-15    
121    1e+11    1e+11    0    0    1.53136e-15    1.53136e-15    
121.5    1e+11    1e+11    0    0    -1.78658e-15    -1.78658e-15    
122    1e+11    1e+11    0    0    3.82839e-16    3.82839e-16    
122.5    1e+11    1e+11    0    0    -1.40374e-15    -1.40374e-15    
123    1e+11    1e+11    0    0    3.19033e-15    3.19033e-15    
123.5    1e+11    1e+11    0    0    2.16942e-15    2.16942e-15    
124    1e+11    1e+11    0    0    2.67987e-15    2.67987e-15    
124.5    1e+11    1e+11    0    0    1.0209e-15    1.0209e-15    
125    1e+11    1e+11    0    0    1.27613e-15    1.27613e-15    
125.5    1e+11    1e+11    0    0    1.53136e-15    1.53136e-15    
126    1e+11    1e+11    0    0    1.27613e-16    1.27613e-16    
126.5    1e+11    1e+11    0    0    3.82839e-16    3.82839e-16    
127    1e+11    1e+11    0    0    2.16942e-15    2.16942e-15    
127.5    1e+11    1e+11    0    0    1.0209e-15    1.0209e-15    
128    1e+11    1e+11    0    0    -1.53136e-15    -1.53136e-15    
128.5    1e+11    1e+11    0    0    -3.06271e-15    -3.06271e-15    
129    1e+11    1e+11    0    0    -1.14852e-15    -1.14852e-15    
129.5    1e+11    1e+11    0    0    1.27613e-15    1.27613e-15    
130    1e+11    1e+11    0    0    -3.06271e-15    -3.06271e-15    
130.5    1e+11    1e+11    0    0    -8.93291e-16    -8.93291e-16    
131    1e+11    1e+11    0    0    8.93291e-16    8.93291e-16    
131.5    1e+11    1e+11    0    0    -8.93291e-16    -8.93291e-16    
132    1e+11    1e+11    0    0    1.0209e-15    1.0209e-15    
132.5    1e+11    1e+11    0    0    -1.14852e-15    -1.14852e-15    
133    1e+11    1e+11    0    0    -2.9351e-15    -2.9351e-15    
133.5    1e+11    1e+11    0    0    3.82839e-16    3.82839e-16    
134    1e+11    1e+11    0    0    -6.38065e-16    -6.38065e-16    
134.5    1e+11    1e+11    0    0    1.0209e-15    1.0209e-15    
135    1e+11    1e+11    0    0    1.0209e-15    1.0209e-15    
135.5    1e+11    1e+11    0    0    -1.0209e-15    -1.0209e-15    
136    1e+11    1e+11    0    0    1.53136e-15    1.53136e-15    
136.5    1e+11    1e+11    0    0    2.55226e-15    2.55226e-15    
137    1e+11    1e+11    0    0    2.16942e-15    2.16942e-15    
137.5    1e+11    1e+11    0    0    1.40374e-15    1.40374e-15    
138    1e+11    1e+11    0    0    -2.80749e-15    -2.80749e-15    
138.5    1e+11    1e+11    0    0    2.04181e-15    2.04181e-15    
139    1e+11    1e+11    0    0    -1.40374e-15    -1.40374e-15    
139.5    1e+11    1e+11    0    0    4.59407e-15    4.59407e-15    
140    1e+11    1e+11    0    0    3.82839e-16    3.82839e-16    
140.5    1e+11    1e+11    0    0    -3.82839e-16    -3.82839e-16    
141    1e+11    1e+11    0    0    2.42465e-15    2.42465e-15    
141.5    1e+11    1e+11    0    0    1.0209e-15    1.0209e-15    
142    1e+11    1e+11    0    0    5.10452e-16    5.10452e-16    
142.5    1e+11    1e+11    0    0    3.44555e-15    3.44555e-15    
143    1e+11    1e+11    0    0    -8.93291e-16    -8.93291e-16    
143.5    1e+11    1e+11    0    0    1.14852e-15    1.14852e-15    
144    1e+11    1e+11    0    0    -2.42465e-15    -2.42465e-15    
144.5    1e+11    1e+11    0    0    2.04181e-15    2.04181e-15    
145    1e+11    1e+11    0    0    4.33884e-15    4.33884e-15    
145.5    1e+11    1e+11    0    0    -3.82839e-16    -3.82839e-16    
146    1e+11    1e+11    0    0    -3.82839e-16    -3.82839e-16    
146.5    1e+11    1e+11    0    0    8.93291e-16    8.93291e-16    
147    1e+11    1e+11    0    0    7.65678e-16    7.65678e-16    
147.5    1e+11    1e+11    0    0    0    0    
148    1e+11    1e+11    0    0    -2.04181e-15    -2.04181e-15    
148.5    1e+11    1e+11    0    0    1.27613e-15    1.27613e-15    
149    1e+11    1e+11    0    0    4.59407e-15    4.59407e-15    
149.5    1e+11    1e+11    0    0    1.53136e-15    1.53136e-15    
150    1e+11    1e+11    0    0    1.27613e-16    1.27613e-16    
150.5    1e+11    1e+11    0    0    0    0    
151    1e+11    1e+11    0    0    -2.55226e-15    -2.55226e-15    
151.5    1e+11    1e+11    0    0    3.06271e-15    3.06271e-15    
152    1e+11    1e+11    0    0    -1.78658e-15    -1.78658e-15    
152.5    1e+11    1e+11    0    0    -1.27613e-16    -1.27613e-16    
153    1e+11    1e+11    0    0    -1.0209e-15    -1.0209e-15    
153.5    1e+11    1e+11    0    0    -1.0209e-15    -1.0209e-15    
154    1e+11    1e+11    0    0    0    0    
154.5    1e+11    1e+11    0    0    5.10452e-16    5.10452e-16    
155    1e+11    1e+11    0    0    -2.55226e-15    -2.55226e-15    
155.5    1e+11    1e+11    0    0    -3.82839e-16    -3.82839e-16    
156    1e+11    1e+11    0    0    -1.27613e-15    -1.27613e-15    
156.5    1e+11    1e+11    0    0    2.9351e-15    2.9351e-15    
157    1e+11    1e+11    0    0    3.82839e-16    3.82839e-16    
157.5    1e+11    1e+11    0    0    3.70078e-15    3.70078e-15    
158    1e+11    1e+11    0    0    8.93291e-16    8.93291e-16    
158.5    1e+11    1e+11    0    0    1.53136e-15    1.53136e-15    
159    1e+11    1e+11    0    0    -7.65678e-16    -7.65678e-16    
159.5    1e+11    1e+11    0    0    7.65678e-16    7.65678e-16    
160    1e+11    1e+11    0    0    1.65897e-15    1.65897e-15    
160.5    1e+11    1e+11    0    0    -1.40374e-15    -1.40374e-15    
161    1e+11    1e+11    0    0    2.29704e-15    2.29704e-15    
161.5    1e+11    1e+11    0    0    1.0209e-15    1.0209e-15    
162    1e+11    1e+11    0    0    1.40374e-15    1.40374e-15    
162.5    1e+11    1e+11    0    0    -1.0209e-15    -1.0209e-15    
163    1e+11    1e+11    0    0    -5.10452e-16    -5.10452e-16    
163.5    1e+11    1e+11    0    0    -5.10452e-16    -5.10452e-16    
164    1e+11    1e+11    0    0    3.06271e-15    3.06271e-15    
164.5    1e+11    1e+11    0    0    4.97691e-15    4.97691e-15    
165    1e+11    1e+11    0    0    -5.10452e-16    -5.10452e-16    
165.5    1e+11    1e+11    0    0    5.35975e-15    5.35975e-15    
166    1e+11    1e+11    0    0    1.9142e-15    1.9142e-15    
166.5    1e+11    1e+11    0    0    2.16942e-15    2.16942e-15    
167    1e+11    1e+11    0    0    -2.55226e-16    -2.55226e-16    
167.5    1e+11    1e+11    0    0    5.10452e-16    5.10452e-16    
168    1e+11    1e+11    0    0    3.82839e-16    3.82839e-16    
168.5    1e+11    1e+11    0    0    3.70078e-15    3.70078e-15    
169    1e+11    1e+11    0    0    7.65678e-16    7.65678e-16    
169.5    1e+11    1e+11    0    0    2.42465e-15    2.42465e-15    
170    1e+11    1e+11    0    0    7.65678e-16    7.65678e-16    
170.5    1e+11    1e+11    0    0    3.82839e-15    3.82839e-15    
171    1e+11    1e+11    0    0    8.93291e-16    8.93291e-16    
171.5    1e+11    1e+11    0    0    -1.14852e-15    -1.14852e-15    
172    1e+11    1e+11    0    0    -1.78658e-15    -1.78658e-15    
172.5    1e+11    1e+11    0    0    2.04181e-15    2.04181e-15    
173    1e+11    1e+11    0    0    -1.27613e-16    -1.27613e-16    
173.5    1e+11    1e+11    0    0    2.04181e-15    2.04181e-15    
174    1e+11    1e+11    0    0    -2.55226e-15    -2.55226e-15    
174.5    1e+11    1e+11    0    0    -8.93291e-16    -8.93291e-16    
175    1e+11    1e+11    0    0    -1.27613e-16    -1.27613e-16    
175.5    1e+11    1e+11    0    0    -6.38065e-16    -6.38065e-16    
176    1e+11    1e+11    0    0    3.82839e-16    3.82839e-16    
176.5    1e+11    1e+11    0    0    6.38065e-16    6.38065e-16    
177    1e+11    1e+11    0    0    6.38065e-16    6.38065e-16    
177.5    1e+11    1e+11    0    0    -1.14852e-15    -1.14852e-15    
178    1e+11    1e+11    0    0    1.27613e-16    1.27613e-16    
178.5    1e+11    1e+11    0    0    1.40374e-15    1.40374e-15    
179    1e+11    1e+11    0    0    -5.10452e-16    -5.10452e-16    
179.5    1e+11    1e+11    0    0    2.55226e-16    2.55226e-16    
180    1e+11    1e+11    0    0    1.65897e-15    1.65897e-15    
180.5    1e+11    1e+11    0    0    3.06271e-15    3.06271e-15    
181    1e+11    1e+11    0    0    2.9351e-15    2.9351e-15    
181.5    1e+11    1e+11    0    0    -5.10452e-16    -5.10452e-16    
182    1e+11    1e+11    0    0    0    0    
182.5    1e+11    1e+11    0    0    -1.0209e-15    -1.0209e-15    
183    1e+11    1e+11    0    0    -1.27613e-16    -1.27613e-16    
183.5    1e+11    1e+11    0    0    -2.55226e-15    -2.55226e-15    
184    1e+11    1e+11    0    0    3.70078e-15    3.70078e-15    
184.5    1e+11    1e+11    0    0    1.65897e-15    1.65897e-15    
185    1e+11    1e+11    0    0    -4.46646e-15    -4.46646e-15    
185.5    1e+11    1e+11    0    0    7.65678e-16    7.65678e-16    
186    1e+11    1e+11    0    0    1.0209e-15    1.0209e-15    
186.5    1e+11    1e+11    0    0    -8.93291e-16    -8.93291e-16    
187    1e+11    1e+11    0    0    -4.46646e-15    -4.46646e-15    
187.5    1e+11    1e+11    0    0    -3.31794e-15    -3.31794e-15    
188    1e+11    1e+11    0    0    -1.9142e-15    -1.9142e-15    
188.5    1e+11    1e+11    0    0    1.27613e-15    1.27613e-15    
189    1e+11    1e+11    0    0    -1.27613e-15    -1.27613e-15    
189.5    1e+11    1e+11    0    0    1.27613e-16    1.27613e-16    
190    1e+11    1e+11    0    0    1.78658e-15    1.78658e-15    
190.5    1e+11    1e+11    0    0    5.10452e-16    5.10452e-16    
191    1e+11    1e+11    0    0    -1.0209e-15    -1.0209e-15    
191.5    1e+11    1e+11    0    0    7.14633e-15    7.14633e-15    
192    1e+11    1e+11    0    0    -2.55226e-16    -2.55226e-16    
192.5    1e+11    1e+11    0    0    -8.93291e-16    -8.93291e-16    
193    1e+11    1e+11    0    0    -2.42465e-15    -2.42465e-15    
193.5    1e+11    1e+11    0    0    -3.19033e-15    -3.19033e-15    
194    1e+11    1e+11    0    0    1.53136e-15    1.53136e-15    
194.5    1e+11    1e+11    0    0    1.14852e-15    1.14852e-15    
195    1e+11    1e+11    0    0    -3.82839e-16    -3.82839e-16    
195.5    1e+11    1e+11    0    0    -2.42465e-15    -2.42465e-15    
196    1e+11    1e+11    0    0    1.65897e-15    1.65897e-15    
196.5    1e+11    1e+11    0    0    -1.0209e-15    -1.0209e-15    
197    1e+11    1e+11    0    0    -6.38065e-15    -6.38065e-15    
197.5    1e+11    1e+11    0    0    1.9142e-15    1.9142e-15    
198    1e+11    1e+11    0    0    1.14852e-15    1.14852e-15    
198.5    1e+11    1e+11    0    0    2.55226e-15    2.55226e-15    
199    1e+11    1e+11    0    0    -3.06271e-15    -3.06271e-15    
199.5    1e+11    1e+11    0    0    2.55226e-15    2.55226e-15    
200    1e+11    1e+11    0    0    1.53136e-15    1.53136e-15    
200.5    1e+11    1e+11    0    0    2.16942e-15    2.16942e-15    
201    1e+11    1e+11    0    0    1.27613e-15    1.27613e-15    
201.5    1e+11    1e+11    0    0    -8.93291e-16    -8.93291e-16    
202    1e+11    1e+11    0    0    5.10452e-16    5.10452e-16    
202.5    1e+11    1e+11    0    0    4.08362e-15    4.08362e-15    
203    1e+11    1e+11    0    0    1.0209e-15    1.0209e-15    
203.5    1e+11    1e+11    0    0    8.93291e-16    8.93291e-16    
204    1e+11    1e+11    0    0    -1.14852e-15    -1.14852e-15    
204.5    1e+11    1e+11    0    0    1.27613e-15    1.27613e-15    
205    1e+11    1e+11    0    0    2.55226e-16    2.55226e-16    
205.5    1e+11    1e+11    0    0    -1.27613e-16    -1.27613e-16    
206    1e+11    1e+11    0    0    2.67987e-15    2.67987e-15    
206.5    1e+11    1e+11    0    0    1.27613e-16    1.27613e-16    
207    1e+11    1e+11    0    0    -2.55226e-16    -2.55226e-16    
207.5    1e+11    1e+11    0    0    5.10452e-16    5.10452e-16    
208    1e+11    1e+11    0    0    2.80749e-15    2.80749e-15    
208.5    1e+11    1e+11    0    0    2.67987e-15    2.67987e-15    
209    1e+11    1e+11    0    0    1.14852e-15    1.14852e-15    
209.5    1e+11    1e+11    0    0    -7.65678e-16    -7.65678e-16    
210    1e+11    1e+11    0    0    2.55226e-16    2.55226e-16    
210.5    1e+11    1e+11    0    0    5.10452e-16    5.10452e-16    
211    1e+11    1e+11    0    0    -1.27613e-15    -1.27613e-15    
211.5    1e+11    1e+11    0    0    -1.65897e-15    -1.65897e-15    
212    1e+11    1e+11    0    0    -3.31794e-15    -3.31794e-15    
212.5    1e+11    1e+11    0    0    -1.14852e-15    -1.14852e-15    
213    1e+11    1e+11    0    0    1.9142e-15    1.9142e-15    
213.5    1e+11    1e+11    0    0    -2.55226e-15    -2.55226e-15    
214    1e+11    1e+11    0    0    4.21123e-15    4.21123e-15    
214.5    1e+11    1e+11    0    0    -2.16942e-15    -2.16942e-15    
215    1e+11    1e+11    0    0    3.19033e-15    3.19033e-15    
215.5    1e+11    1e+11    0    0    1.27613e-16    1.27613e-16    
216    1e+11    1e+11    0    0    1.0209e-15    1.0209e-15    
216.5    1e+11    1e+11    0    0    -3.956e-15    -3.956e-15    
217    1e+11    1e+11    0    0    -2.55226e-16    -2.55226e-16    
217.5    1e+11    1e+11    0    0    3.82839e-16    3.82839e-16    
218    1e+11    1e+11    0    0    -3.19033e-15    -3.19033e-15    
218.5    1e+11    1e+11    0    0    4.33884e-15    4.33884e-15    
219    1e+11    1e+11    0    0    2.16942e-15    2.16942e-15    
219.5    1e+11    1e+11    0    0    2.67987e-15    2.67987e-15    
220    1e+11    1e+11    0    0    1.65897e-15    1.65897e-15    
220.5    1e+11    1e+11    0    0    -3.06271e-15    -3.06271e-15    
221    1e+11    1e+11    0    0    1.9142e-15    1.9142e-15    
221.5    1e+11    1e+11    0    0    2.42465e-15    2.42465e-15    
222    1e+11    1e+11    0    0    -2.80749e-15    -2.80749e-15    
222.5    1e+11    1e+11    0    0    -3.57317e-15    -3.57317e-15    
223    1e+11    1e+11    0    0    -6.38065e-16    -6.38065e-16    
223.5    1e+11    1e+11    0    0    8.93291e-16    8.93291e-16    
224    1e+11    1e+11    0    0    3.82839e-16    3.82839e-16    
224.5    1e+11    1e+11    0    0    -2.80749e-15    -2.80749e-15    
225    1e+11    1e+11    0    0    1.53136e-15    1.53136e-15    
225.5    1e+11    1e+11    0    0    4.08362e-15    4.08362e-15    
226    1e+11    1e+11    0    0    -1.65897e-15    -1.65897e-15    
226.5    1e+11    1e+11    0    0    2.80749e-15    2.80749e-15    
227    1e+11    1e+11    0    0    2.55226e-16    2.55226e-16    
227.5    1e+11    1e+11    0    0    -2.42465e-15    -2.42465e-15    
228    1e+11    1e+11    0    0    -4.33884e-15    -4.33884e-15    
228.5    1e+11    1e+11    0    0    -3.06271e-15    -3.06271e-15    
229    1e+11    1e+11    0    0    -3.956e-15    -3.956e-15    
229.5    1e+11    1e+11    0    0    -1.27613e-16    -1.27613e-16    
230    1e+11    1e+11    0    0    -3.44555e-15    -3.44555e-15    
230.5    1e+11    1e+11    0    0    -1.78658e-15    -1.78658e-15    
231    1e+11    1e+11    0    0    -1.27613e-15    -1.27613e-15    
231.5    1e+11    1e+11    0    0    -1.65897e-15    -1.65897e-15    
232    1e+11    1e+11    0    0    3.06271e-15    3.06271e-15    
232.5    1e+11    1e+11    0    0    -3.06271e-15    -3.06271e-15    
233    1e+11    1e+11    0    0    1.0209e-15    1.0209e-15    
233.5    1e+11    1e+11    0    0    2.04181e-15    2.04181e-15    
234    1e+11    1e+11    0    0    -2.9351e-15    -2.9351e-15    
234.5    1e+11    1e+11    0    0    -1.14852e-15    -1.14852e-15    
235    1e+11    1e+11    0    0    3.82839e-16    3.82839e-16    
235.5    1e+11    1e+11    0    0    -3.31794e-15    -3.31794e-15    
236    1e+11    1e+11    0    0    -5.61497e-15    -5.61497e-15    
236.5    1e+11    1e+11    0    0    8.93291e-16    8.93291e-16    
237    1e+11    1e+11    0    0    2.80749e-15    2.80749e-15    
237.5    1e+11    1e+11    0    0    2.80749e-15    2.80749e-15    
238    1e+11    1e+11    0    0    -1.27613e-15    -1.27613e-15    
238.5    1e+11    1e+11    0    0    2.55226e-15    2.55226e-15    
239    1e+11    1e+11    0    0    3.70078e-15    3.70078e-15    
239.5    1e+11    1e+11    0    0    8.93291e-16    8.93291e-16    
240    1e+11    1e+11    0    0    1.65897e-15    1.65897e-15    
240.5    1e+11    1e+11    0    0    -5.10452e-16    -5.10452e-16    
241    1e+11    1e+11    0    0    7.65678e-16    7.65678e-16    
241.5    1e+11    1e+11    0    0    -2.55226e-15    -2.55226e-15    
242    1e+11    1e+11    0    0    2.55226e-15    2.55226e-15    
242.5    1e+11    1e+11    0    0    2.80749e-15    2.80749e-15    
243    1e+11    1e+11    0    0    2.42465e-15    2.42465e-15    
243.5    1e+11    1e+11    0    0    5.10452e-16    5.10452e-16    
244    1e+11    1e+11    0    0    2.16942e-15    2.16942e-15    
244.5    1e+11    1e+11    0    0    1.65897e-15    1.65897e-15    
245    1e+11    1e+11    0    0    3.57317e-15    3.57317e-15    
245.5    1e+11    1e+11    0    0    1.78658e-15    1.78658e-15    
246    1e+11    1e+11    0    0    2.80749e-15    2.80749e-15    
246.5    1e+11    1e+11    0    0    3.956e-15    3.956e-15    
247    1e+11    1e+11    0    0    -8.93291e-16    -8.93291e-16    
247.5    1e+11    1e+11    0    0    8.93291e-16    8.93291e-16    
248    1e+11    1e+11    0    0    3.19033e-15    3.19033e-15    
248.5    1e+11    1e+11    0    0    3.956e-15    3.956e-15    
249    1e+11    1e+11    0    0    2.9351e-15    2.9351e-15    
249.5    1e+11    1e+11    0    0    6.38065e-16    6.38065e-16    
250    1e+11    1e+11    0    0    1.53136e-15    1.53136e-15    
250.5    1e+11    1e+11    0    0    2.9351e-15    2.9351e-15    
251    1e+11    1e+11    0    0    -1.0209e-15    -1.0209e-15    
251.5    1e+11    1e+11    0    0    3.70078e-15    3.70078e-15    
252    1e+11    1e+11    0    0    4.08362e-15    4.08362e-15    
252.5    1e+11    1e+11    0    0    -1.27613e-16    -1.27613e-16    
253    1e+11    1e+11    0    0    2.04181e-15    2.04181e-15    
253.5    1e+11    1e+11    0    0    3.31794e-15    3.31794e-15    
254    1e+11    1e+11    0    0    4.08362e-15    4.08362e-15    
254.5    1e+11    1e+11    0    0    5.10452e-16    5.10452e-16    
255    1e+11    1e+11    0    0    7.65678e-16    7.65678e-16    
255.5    1e+11    1e+11    0    0    4.33884e-15    4.33884e-15    
256    1e+11    1e+11    0    0    1.0209e-15    1.0209e-15    
256.5    1e+11    1e+11    0    0    1.0209e-15    1.0209e-15    
257    1e+11    1e+11    0    0    1.78658e-15    1.78658e-15    
257.5    1e+11    1e+11    0    0    1.14852e-15    1.14852e-15    
258    1e+11    1e+11    0    0    -4.59407e-15    -4.59407e-15    
258.5    1e+11    1e+11    0    0    -1.14852e-15    -1.14852e-15    
259    1e+11    1e+11    0    0    2.55226e-16    2.55226e-16    
259.5    1e+11    1e+11    0    0    2.42465e-15    2.42465e-15    
260    1e+11    1e+11    0    0    2.42465e-15    2.42465e-15    
260.5    1e+11    1e+11    0    0    1.40374e-15    1.40374e-15    
261    1e+11    1e+11    0    0    2.04181e-15    2.04181e-15    
261.5    1e+11    1e+11    0    0    -3.06271e-15    -3.06271e-15    
262    1e+11    1e+11    0    0    1.40374e-15    1.40374e-15    
262.5    1e+11    1e+11    0    0    4.08362e-15    4.08362e-15    
263    1e+11    1e+11    0    0    5.48736e-15    5.48736e-15    
263.5    1e+11    1e+11    0    0    6.38065e-16    6.38065e-16    
264    1e+11    1e+11    0    0    1.65897e-15    1.65897e-15    
264.5    1e+11    1e+11    0    0    3.70078e-15    3.70078e-15    
265    1e+11    1e+11    0    0    3.19033e-15    3.19033e-15    
265.5    1e+11    1e+11    0    0    -1.14852e-15    -1.14852e-15    
266    1e+11    1e+11    0    0    3.956e-15    3.956e-15    
266.5    1e+11    1e+11    0    0    4.97691e-15    4.97691e-15    
267    1e+11    1e+11    0    0    -5.10452e-16    -5.10452e-16    
267.5    1e+11    1e+11    0    0    -2.42465e-15    -2.42465e-15    
268    1e+11    1e+11    0    0    -3.82839e-16    -3.82839e-16    
268.5    1e+11    1e+11    0    0    5.10452e-15    5.10452e-15    
269    1e+11    1e+11    0    0    2.04181e-15    2.04181e-15    
269.5    1e+11    1e+11    0    0    0    0    
270    1e+11    1e+11    0    0    6.38065e-16    6.38065e-16    
270.5    1e+11    1e+11    0    0    1.0209e-15    1.0209e-15    
271    1e+11    1e+11    0    0    1.78658e-15    1.78658e-15    
271.5    1e+11    1e+11    0    0    2.42465e-15    2.42465e-15    
272    1e+11    1e+11    0    0    3.19033e-15    3.19033e-15    
272.5    1e+11    1e+11    0    0    1.27613e-16    1.27613e-16    
273    1e+11    1e+11    0    0    5.10452e-16    5.10452e-16    
273.5    1e+11    1e+11    0    0    -7.65678e-16    -7.65678e-16    
274    1e+11    1e+11    0    0    -1.0209e-15    -1.0209e-15    
274.5    1e+11    1e+11    0    0    6.38065e-15    6.38065e-15    
275    1e+11    1e+11    0    0    -3.82839e-16    -3.82839e-16    
275.5    1e+11    1e+11    0    0    4.59407e-15    4.59407e-15    
276    1e+11    1e+11    0    0    1.27613e-15    1.27613e-15    
276.5    1e+11    1e+11    0    0    2.29704e-15    2.29704e-15    
277    1e+11    1e+11    0    0    -1.0209e-15    -1.0209e-15    
277.5    1e+11    1e+11    0    0    3.06271e-15    3.06271e-15    
278    1e+11    1e+11    0    0    1.0209e-15    1.0209e-15    
278.5    1e+11    1e+11    0    0    1.65897e-15    1.65897e-15    
279    1e+11    1e+11    0    0    5.10452e-16    5.10452e-16    
279.5    1e+11    1e+11    0    0    2.16942e-15    2.16942e-15    
280    1e+11    1e+11    0    0    1.53136e-15    1.53136e-15    
280.5    1e+11    1e+11    0    0    2.9351e-15    2.9351e-15    
281    1e+11    1e+11    0    0    -3.82839e-16    -3.82839e-16    
281.5    1e+11    1e+11    0    0    7.65678e-15    7.65678e-15    
282    1e+11    1e+11    0    0    1.9142e-15    1.9142e-15    
282.5    1e+11    1e+11    0    0    3.44555e-15    3.44555e-15    
283    1e+11    1e+11    0    0    6.12543e-15    6.12543e-15    
283.5    1e+11    1e+11    0    0    2.67987e-15    2.67987e-15    
284    1e+11    1e+11    0    0    2.16942e-15    2.16942e-15    
284.5    1e+11    1e+11    0    0    1.14852e-15    1.14852e-15    
285    1e+11    1e+11    0    0    1.65897e-15    1.65897e-15    
285.5    1e+11    1e+11    0    0    2.55226e-16    2.55226e-16    
286    1e+11    1e+11    0    0    2.29704e-15    2.29704e-15    
286.5    1e+11    1e+11    0    0    2.29704e-15    2.29704e-15    
287    1e+11    1e+11    0    0    5.10452e-16    5.10452e-16    
287.5    1e+11    1e+11    0    0    1.65897e-15    1.65897e-15    
288    1e+11    1e+11    0    0    -3.82839e-16    -3.82839e-16    
288.5    1e+11    1e+11    0    0    5.35975e-15    5.35975e-15    
289    1e+11    1e+11    0    0    3.06271e-15    3.06271e-15    
289.5    1e+11    1e+11    0    0    -1.0209e-15    -1.0209e-15    
290    1e+11    1e+11    0    0    -3.82839e-16    -3.82839e-16    
290.5    1e+11    1e+11    0    0    -1.78658e-15    -1.78658e-15    
291    1e+11    1e+11    0    0    2.55226e-16    2.55226e-16    
291.5    1e+11    1e+11    0    0    1.40374e-15    1.40374e-15    
292    1e+11    1e+11    0    0    4.21123e-15    4.21123e-15    
292.5    1e+11    1e+11    0    0    8.93291e-16    8.93291e-16    
293    1e+11    1e+11    0    0    2.55226e-16    2.55226e-16    
293.5    1e+11    1e+11    0    0    -1.65897e-15    -1.65897e-15    
294    1e+11    1e+11    0    0    1.9142e-15    1.9142e-15    
294.5    1e+11    1e+11    0    0    1.0209e-15    1.0209e-15    
295    1e+11    1e+11    0    0    -1.53136e-15    -1.53136e-15    
295.5    1e+11    1e+11    0    0    -8.93291e-16    -8.93291e-16    
296    1e+11    1e+11    0    0    8.93291e-16    8.93291e-16    
296.5    1e+11    1e+11    0    0    1.0209e-15    1.0209e-15    
297    1e+11    1e+11    0    0    -1.0209e-15    -1.0209e-15    
297.5    1e+11    1e+11    0    0    -1.53136e-15    -1.53136e-15    
298    1e+11    1e+11    0    0    -1.0209e-15    -1.0209e-15    
298.5    1e+11    1e+11    0    0    -1.27613e-15    -1.27613e-15    
299    1e+11    1e+11    0    0    -2.67987e-15    -2.67987e-15    
299.5    1e+11    1e+11    0    0    -5.10452e-16    -5.10452e-16    
300    1e+11    1e+11    0    0    6.38065e-16    6.38065e-16    
300.5    1e+11    1e+11    0    0    3.06271e-15    3.06271e-15    
301    1e+11    1e+11    0    0    -8.93291e-16    -8.93291e-16    
301.5    1e+11    1e+11    0    0    2.42465e-15    2.42465e-15    
302    1e+11    1e+11    0    0    1.0209e-15    1.0209e-15    
302.5    1e+11    1e+11    0    0    1.78658e-15    1.78658e-15    
303    1e+11    1e+11    0    0    1.27613e-16    1.27613e-16    
303.5    1e+11    1e+11    0    0    -1.9142e-15    -1.9142e-15    
304    1e+11    1e+11    0    0    -5.61497e-15    -5.61497e-15    
304.5    1e+11    1e+11    0    0    1.78658e-15    1.78658e-15    
305    1e+11    1e+11    0    0    -4.46646e-15    -4.46646e-15    
305.5    1e+11    1e+11    0    0    -1.14852e-15    -1.14852e-15    
306    1e+11    1e+11    0    0    -1.53136e-15    -1.53136e-15    
306.5    1e+11    1e+11    0    0    2.29704e-15    2.29704e-15    
307    1e+11    1e+11    0    0    -1.53136e-15    -1.53136e-15    
307.5    1e+11    1e+11    0    0    -5.10452e-16    -5.10452e-16    
308    1e+11    1e+11    0    0    -2.55226e-15    -2.55226e-15    
308.5    1e+11    1e+11    0    0    -4.33884e-15    -4.33884e-15    
309    1e+11    1e+11    0    0    -3.956e-15    -3.956e-15    
309.5    1e+11    1e+11    0    0    1.9142e-15    1.9142e-15    
310    1e+11    1e+11    0    0    6.12543e-15    6.12543e-15    
310.5    1e+11    1e+11    0    0    -1.14852e-15    -1.14852e-15    
311    1e+11    1e+11    0    0    3.82839e-16    3.82839e-16    
311.5    1e+11    1e+11    0    0    -2.29704e-15    -2.29704e-15    
312    1e+11    1e+11    0    0    -4.59407e-15    -4.59407e-15    
312.5    1e+11    1e+11    0    0    3.57317e-15    3.57317e-15    
313    1e+11    1e+11    0    0    -2.55226e-16    -2.55226e-16    
313.5    1e+11    1e+11    0    0    -3.956e-15    -3.956e-15    
314    1e+11    1e+11    0    0    -1.27613e-16    -1.27613e-16    
314.5    1e+11    1e+11    0    0    1.27613e-15    1.27613e-15    
315    1e+11    1e+11    0    0    4.8493e-15    4.8493e-15    
315.5    1e+11    1e+11    0    0    -1.0209e-15    -1.0209e-15    
316    1e+11    1e+11    0    0    1.9142e-15    1.9142e-15    
316.5    1e+11    1e+11    0    0    0    0    
317    1e+11    1e+11    0    0    1.14852e-15    1.14852e-15    
317.5    1e+11    1e+11    0    0    -3.82839e-15    -3.82839e-15    
318    1e+11    1e+11    0    0    -3.06271e-15    -3.06271e-15    
318.5    1e+11    1e+11    0    0    1.27613e-16    1.27613e-16    
319    1e+11    1e+11    0    0    4.8493e-15    4.8493e-15    
319.5    1e+11    1e+11    0    0    1.65897e-15    1.65897e-15    
320    1e+11    1e+11    0    0    3.57317e-15    3.57317e-15    
320.5    1e+11    1e+11    0    0    -1.0209e-15    -1.0209e-15    
321    1e+11    1e+11    0    0    -8.93291e-16    -8.93291e-16    
321.5    1e+11    1e+11    0    0    1.9142e-15    1.9142e-15    
322    1e+11    1e+11    0    0    -1.9142e-15    -1.9142e-15    
322.5    1e+11    1e+11    0    0    -4.59407e-15    -4.59407e-15    
323    1e+11    1e+11    0    0    -3.956e-15    -3.956e-15    
323.5    1e+11    1e+11    0    0    -8.93291e-16    -8.93291e-16    
324    1e+11    1e+11    0    0    -6.38065e-16    -6.38065e-16    
324.5    1e+11    1e+11    0    0    2.42465e-15    2.42465e-15    
325    1e+11    1e+11    0    0    -4.8493e-15    -4.8493e-15    
325.5    1e+11    1e+11    0    0    -1.40374e-15    -1.40374e-15    
326    1e+11    1e+11    0    0    3.06271e-15    3.06271e-15    
326.5    1e+11    1e+11    0    0    -3.44555e-15    -3.44555e-15    
327    1e+11    1e+11    0    0    -2.16942e-15    -2.16942e-15    
327.5    1e+11    1e+11    0    0    -2.29704e-15    -2.29704e-15    
328    1e+11    1e+11    0    0    -1.0209e-15    -1.0209e-15    
328.5    1e+11    1e+11    0    0    -6.38065e-16    -6.38065e-16    
329    1e+11    1e+11    0    0    -1.27613e-15    -1.27613e-15    
329.5    1e+11    1e+11    0    0    -7.65678e-16    -7.65678e-16    
330    1e+11    1e+11    0    0    -6.12543e-15    -6.12543e-15    
330.5    1e+11    1e+11    0    0    6.38065e-16    6.38065e-16    
331    1e+11    1e+11    0    0    -7.65678e-16    -7.65678e-16    
331.5    1e+11    1e+11    0    0    -2.04181e-15    -2.04181e-15    
332    1e+11    1e+11    0    0    -2.16942e-15    -2.16942e-15    
332.5    1e+11    1e+11    0    0    -1.65897e-15    -1.65897e-15    
333    1e+11    1e+11    0    0    -4.08362e-15    -4.08362e-15    
333.5    1e+11    1e+11    0    0    -3.06271e-15    -3.06271e-15    
334    1e+11    1e+11    0    0    -2.80749e-15    -2.80749e-15    
334.5    1e+11    1e+11    0    0    -3.31794e-15    -3.31794e-15    
335    1e+11    1e+11    0    0    -6.38065e-16    -6.38065e-16    
335.5    1e+11    1e+11    0    0    3.70078e-15    3.70078e-15    
336    1e+11    1e+11    0    0    -8.93291e-16    -8.93291e-16    
336.5    1e+11    1e+11    0    0    -2.04181e-15    -2.04181e-15    
337    1e+11    1e+11    0    0    -8.93291e-16    -8.93291e-16    
337.5    1e+11    1e+11    0    0    -3.06271e-15    -3.06271e-15    
338    1e+11    1e+11    0    0    -1.9142e-15    -1.9142e-15    
338.5    1e+11    1e+11    0    0    -1.65897e-15    -1.65897e-15    
339    1e+11    1e+11    0    0    -2.67987e-15    -2.67987e-15    
339.5    1e+11    1e+11    0    0    -7.14633e-15    -7.14633e-15    
340    1e+11    1e+11    0    0    -2.80749e-15    -2.80749e-15    
340.5    1e+11    1e+11    0    0    2.55226e-16    2.55226e-16    
341    1e+11    1e+11    0    0    -6.25304e-15    -6.25304e-15    
341.5    1e+11    1e+11    0    0    -5.74259e-15    -5.74259e-15    
342    1e+11    1e+11    0    0    2.16942e-15    2.16942e-15    
342.5    1e+11    1e+11    0    0    1.9142e-15    1.9142e-15    
343    1e+11    1e+11    0    0    -2.55226e-15    -2.55226e-15    
343.5    1e+11    1e+11    0    0    7.65678e-16    7.65678e-16    
344    1e+11    1e+11    0    0    3.19033e-15    3.19033e-15    
344.5    1e+11    1e+11    0    0    -3.956e-15    -3.956e-15    
345    1e+11    1e+11    0    0    -3.19033e-15    -3.19033e-15    
345.5    1e+11    1e+11    0    0    3.06271e-15    3.06271e-15    
346    1e+11    1e+11    0    0    -7.65678e-16    -7.65678e-16    
346.5    1e+11    1e+11    0    0    -1.14852e-15    -1.14852e-15    
347    1e+11    1e+11    0    0    -3.82839e-15    -3.82839e-15    
347.5    1e+11    1e+11    0    0    7.65678e-16    7.65678e-16    
348    1e+11    1e+11    0    0    -6.12543e-15    -6.12543e-15    
348.5    1e+11    1e+11    0    0    3.82839e-16    3.82839e-16    
349    1e+11    1e+11    0    0    -8.93291e-16    -8.93291e-16    
349.5    1e+11    1e+11    0    0    -2.42465e-15    -2.42465e-15    
350    1e+11    1e+11    0    0    1.78658e-15    1.78658e-15    
350.5    1e+11    1e+11    0    0    -5.10452e-16    -5.10452e-16    
351    1e+11    1e+11    0    0    -4.46646e-15    -4.46646e-15    
351.5    1e+11    1e+11    0    0    -2.04181e-15    -2.04181e-15    
352    1e+11    1e+11    0    0    -1.27613e-16    -1.27613e-16    
352.5    1e+11    1e+11    0    0    -2.9351e-15    -2.9351e-15    
353    1e+11    1e+11    0    0    -1.14852e-15    -1.14852e-15    
353.5    1e+11    1e+11    0    0    -3.70078e-15    -3.70078e-15    
354    1e+11    1e+11    0    0    5.10452e-16    5.10452e-16    
354.5    1e+11    1e+11    0    0    -6.89111e-15    -6.89111e-15    
355    1e+11    1e+11    0    0    8.93291e-16    8.93291e-16    
355.5    1e+11    1e+11    0    0    -2.80749e-15    -2.80749e-15    
356    1e+11    1e+11    0    0    -7.65678e-16    -7.65678e-16    
356.5    1e+11    1e+11    0    0    -1.14852e-15    -1.14852e-15    
357    1e+11    1e+11    0    0    3.956e-15    3.956e-15    
357.5    1e+11    1e+11    0    0    -3.82839e-15    -3.82839e-15    
358    1e+11    1e+11    0    0    -1.40374e-15    -1.40374e-15    
358.5    1e+11    1e+11    0    0    -2.55226e-15    -2.55226e-15    
359    1e+11    1e+11    0    0    -6.38065e-16    -6.38065e-16    
359.5    1e+11    1e+11    0    0    3.82839e-16    3.82839e-16    
360    1e+11    1e+11    0    0    -2.80749e-15    -2.80749e-15    
360.5    1e+11    1e+11    0    0    -5.10452e-16    -5.10452e-16    
361    1e+11    1e+11    0    0    3.19033e-15    3.19033e-15    
361.5    1e+11    1e+11    0    0    -5.61497e-15    -5.61497e-15    
362    1e+11    1e+11    0    0    -1.27613e-15    -1.27613e-15    
362.5    1e+11    1e+11    0    0    1.0209e-15    1.0209e-15    
363    1e+11    1e+11    0    0    2.04181e-15    2.04181e-15    
363.5    1e+11    1e+11    0    0    -1.9142e-15    -1.9142e-15    
364    1e+11    1e+11    0    0    7.65678e-16    7.65678e-16    
364.5    1e+11    1e+11    0    0    0    0    
365    1e+11    1e+11    0    0    -1.14852e-15    -1.14852e-15    
365.5    1e+11    1e+11    0    0    -1.27613e-15    -1.27613e-15    
366    1e+11    1e+11    0    0    -6.38065e-16    -6.38065e-16    
366.5    1e+11    1e+11    0    0    -1.53136e-15    -1.53136e-15    
367    1e+11    1e+11    0    0    -7.65678e-16    -7.65678e-16    
367.5    1e+11    1e+11    0    0    -2.55226e-15    -2.55226e-15    
368    1e+11    1e+11    0    0    -4.46646e-15    -4.46646e-15    
368.5    1e+11    1e+11    0    0    -1.53136e-15    -1.53136e-15    
369    1e+11    1e+11    0    0    -1.14852e-15    -1.14852e-15    
369.5    1e+11    1e+11    0    0    -2.04181e-15    -2.04181e-15    
370    1e+11    1e+11    0    0    -4.46646e-15    -4.46646e-15    
370.5    1e+11    1e+11    0    0    -2.29704e-15    -2.29704e-15    
371    1e+11    1e+11    0    0    -2.04181e-15    -2.04181e-15    
371.5    1e+11    1e+11    0    0    7.65678e-16    7.65678e-16    
372    1e+11    1e+11    0    0    3.70078e-15    3.70078e-15    
372.5    1e+11    1e+11    0    0    -1.9142e-15    -1.9142e-15    
373    1e+11    1e+11    0    0    -3.06271e-15    -3.06271e-15    
373.5    1e+11    1e+11    0    0    5.10452e-16    5.10452e-16    
374    1e+11    1e+11    0    0    -1.27613e-15    -1.27613e-15    
374.5    1e+11    1e+11    0    0    -1.14852e-15    -1.14852e-15    
375    1e+11    1e+11    0    0    4.08362e-15    4.08362e-15    
375.5    1e+11    1e+11    0    0    -2.55226e-16    -2.55226e-16    
376    1e+11    1e+11    0    0    -2.55226e-15    -2.55226e-15    
376.5    1e+11    1e+11    0    0    -4.8493e-15    -4.8493e-15    
377    1e+11    1e+11    0    0    -5.99781e-15    -5.99781e-15    
377.5    1e+11    1e+11    0    0    -1.40374e-15    -1.40374e-15    
378    1e+11    1e+11    0    0    4.72168e-15    4.72168e-15    
378.5    1e+11    1e+11    0    0    2.42465e-15    2.42465e-15    
379    1e+11    1e+11    0    0    -3.956e-15    -3.956e-15    
379.5    1e+11    1e+11    0    0    -7.65678e-16    -7.65678e-16    
380    1e+11    1e+11    0    0    -2.9351e-15    -2.9351e-15    
380.5    1e+11    1e+11    0    0    1.27613e-16    1.27613e-16    
381    1e+11    1e+11    0    0    -3.44555e-15    -3.44555e-15    
381.5    1e+11    1e+11    0    0    -1.0209e-15    -1.0209e-15    
382    1e+11    1e+11    0    0    -1.9142e-15    -1.9142e-15    
382.5    1e+11    1e+11    0    0    3.19033e-15    3.19033e-15    
383    1e+11    1e+11    0    0    -3.19033e-15    -3.19033e-15    
383.5    1e+11    1e+11    0    0    1.14852e-15    1.14852e-15    
384    1e+11    1e+11    0    0    -2.55226e-15    -2.55226e-15    
384.5    1e+11    1e+11    0    0    -1.65897e-15    -1.65897e-15    
385    1e+11    1e+11    0    0    1.14852e-15    1.14852e-15    
385.5    1e+11    1e+11    0    0    -1.53136e-15    -1.53136e-15    
386    1e+11    1e+11    0    0    8.93291e-16    8.93291e-16    
386.5    1e+11    1e+11    0    0    -2.55226e-16    -2.55226e-16    
387    1e+11    1e+11    0    0    -2.42465e-15    -2.42465e-15    
387.5    1e+11    1e+11    0    0    -3.70078e-15    -3.70078e-15    
388    1e+11    1e+11    0    0    -2.29704e-15    -2.29704e-15    
388.5    1e+11    1e+11    0    0    -2.55226e-15    -2.55226e-15    
389    1e+11    1e+11    0    0    1.14852e-15    1.14852e-15    
389.5    1e+11    1e+11    0    0    -2.42465e-15    -2.42465e-15    
390    1e+11    1e+11    0    0    -5.23214e-15    -5.23214e-15    
390.5    1e+11    1e+11    0    0    -2.42465e-15    -2.42465e-15    
391    1e+11    1e+11    0    0    -5.10452e-16    -5.10452e-16    
391.5    1e+11    1e+11    0    0    -1.0209e-15    -1.0209e-15    
392    1e+11    1e+11    0    0    2.16942e-15    2.16942e-15    
392.5    1e+11    1e+11    0    0    2.55226e-16    2.55226e-16    
393    1e+11    1e+11    0    0    2.80749e-15    2.80749e-15    
393.5    1e+11    1e+11    0    0    2.55226e-15    2.55226e-15    
394    1e+11    1e+11    0    0    -7.65678e-16    -7.65678e-16    
394.5    1e+11    1e+11    0    0    -2.42465e-15    -2.42465e-15    
395    1e+11    1e+11    0    0    -2.80749e-15    -2.80749e-15    
395.5    1e+11    1e+11    0    0    -5.10452e-16    -5.10452e-16    
396    1e+11    1e+11    0    0    -1.65897e-15    -1.65897e-15    
396.5    1e+11    1e+11    0    0    8.93291e-16    8.93291e-16    
397    1e+11    1e+11    0    0    1.27613e-16    1.27613e-16    
397.5    1e+11    1e+11    0    0    -4.33884e-15    -4.33884e-15    
398    1e+11    1e+11    0    0    -1.9142e-15    -1.9142e-15    
398.5    1e+11    1e+11    0    0    -1.14852e-15    -1.14852e-15    
399    1e+11    1e+11    0    0    -4.08362e-15    -4.08362e-15    
399.5    1e+11    1e+11    0    0    -4.08362e-15    -4.08362e-15    
400    1e+11    1e+11    0    0    1.40374e-15    1.40374e-15    
400.5    1e+11    1e+11    0    0    -1.65897e-15    -1.65897e-15    
401    1e+11    1e+11    0    0    2.80749e-15    2.80749e-15    
401.5    1e+11    1e+11    0    0    -4.08362e-15    -4.08362e-15    
402    1e+11    1e+11    0    0    -3.44555e-15    -3.44555e-15    
402.5    1e+11    1e+11    0    0    -2.55226e-15    -2.55226e-15    
403    1e+11    1e+11    0    0    -3.82839e-15    -3.82839e-15    
403.5    1e+11    1e+11    0    0    -4.46646e-15    -4.46646e-15    
404    1e+11    1e+11    0    0    -3.44555e-15    -3.44555e-15    
404.5    1e+11    1e+11    0    0    -6.38065e-16    -6.38065e-16    
405    1e+11    1e+11    0    0    -5.74259e-15    -5.74259e-15    
405.5    1e+11    1e+11    0    0    2.55226e-16    2.55226e-16    
406    1e+11    1e+11    0    0    2.29704e-15    2.29704e-15    
406.5    1e+11    1e+11    0    0    -4.08362e-15    -4.08362e-15    
407    1e+11    1e+11    0    0    -9.57098e-15    -9.57098e-15    
407.5    1e+11    1e+11    0    0    -1.53136e-15    -1.53136e-15    
408    1e+11    1e+11    0    0    -3.82839e-16    -3.82839e-16    
408.5    1e+11    1e+11    0    0    -3.82839e-16    -3.82839e-16    
409    1e+11    1e+11    0    0    -2.29704e-15    -2.29704e-15    
409.5    1e+11    1e+11    0    0    -2.42465e-15    -2.42465e-15    
410    1e+11    1e+11    0    0    -5.10452e-16    -5.10452e-16    
410.5    1e+11    1e+11    0    0    1.53136e-15    1.53136e-15    
411    1e+11    1e+11    0    0    2.55226e-16    2.55226e-16    
411.5    1e+11    1e+11    0    0    -1.27613e-15    -1.27613e-15    
412    1e+11    1e+11    0    0    1.78658e-15    1.78658e-15    
412.5    1e+11    1e+11    0    0    -1.0209e-15    -1.0209e-15    
413    1e+11    1e+11    0    0    1.53136e-15    1.53136e-15    
413.5    1e+11    1e+11    0    0    -3.57317e-15    -3.57317e-15    
414    1e+11    1e+11    0    0    -1.9142e-15    -1.9142e-15    
414.5    1e+11    1e+11    0    0    3.82839e-16    3.82839e-16    
415    1e+11    1e+11    0    0    1.65897e-15    1.65897e-15    
415.5    1e+11    1e+11    0    0    -2.04181e-15    -2.04181e-15    
416    1e+11    1e+11    0    0    3.956e-15    3.956e-15    
416.5    1e+11    1e+11    0    0    3.57317e-15    3.57317e-15    
417    1e+11    1e+11    0    0    -5.48736e-15    -5.48736e-15    
417.5    1e+11    1e+11    0    0    7.65678e-16    7.65678e-16    
418    1e+11    1e+11    0    0    3.82839e-16    3.82839e-16    
418.5    1e+11    1e+11    0    0    -1.78658e-15    -1.78658e-15    
419    1e+11    1e+11    0    0    -5.10452e-16    -5.10452e-16    
419.5    1e+11    1e+11    0    0    -8.93291e-16    -8.93291e-16    
420    1e+11    1e+11    0    0    -1.9142e-15    -1.9142e-15    
420.5    1e+11    1e+11    0    0    -2.55226e-16    -2.55226e-16    
421    1e+11    1e+11    0    0    -7.65678e-16    -7.65678e-16    
421.5    1e+11    1e+11    0    0    1.27613e-16    1.27613e-16    
422    1e+11    1e+11    0    0    -2.9351e-15    -2.9351e-15    
422.5    1e+11    1e+11    0    0    5.10452e-16    5.10452e-16    
423    1e+11    1e+11    0    0    -5.10452e-16    -5.10452e-16    
423.5    1e+11    1e+11    0    0    2.29704e-15    2.29704e-15    
424    1e+11    1e+11    0    0    1.78658e-15    1.78658e-15    
424.5    1e+11    1e+11    0    0    7.65678e-16    7.65678e-16    
425    1e+11    1e+11    0    0    1.27613e-16    1.27613e-16    
425.5    1e+11    1e+11    0    0    -3.31794e-15    -3.31794e-15    
426    1e+11    1e+11    0    0    -8.93291e-16    -8.93291e-16    
426.5    1e+11    1e+11    0    0    2.16942e-15    2.16942e-15    
427    1e+11    1e+11    0    0    1.53136e-15    1.53136e-15    
427.5    1e+11    1e+11    0    0    3.31794e-15    3.31794e-15    
428    1e+11    1e+11    0    0    6.38065e-16    6.38065e-16    
428.5    1e+11    1e+11    0    0    -3.82839e-16    -3.82839e-16    
429    1e+11    1e+11    0    0    -3.19033e-15    -3.19033e-15    
429.5    1e+11    1e+11    0    0    0    0    
430    1e+11    1e+11    0    0    1.53136e-15    1.53136e-15    
430.5    1e+11    1e+11    0    0    -6.38065e-16    -6.38065e-16    
431    1e+11    1e+11    0    0    -3.70078e-15    -3.70078e-15    
431.5    1e+11    1e+11    0    0    5.48736e-15    5.48736e-15    
432    1e+11    1e+11    0    0    2.55226e-16    2.55226e-16    
432.5    1e+11    1e+11    0    0    2.42465e-15    2.42465e-15    
433    1e+11    1e+11    0    0    7.27394e-15    7.27394e-15    
433.5    1e+11    1e+11    0    0    -2.04181e-15    -2.04181e-15    
434    1e+11    1e+11    0    0    2.55226e-16    2.55226e-16    
434.5    1e+11    1e+11    0    0    2.55226e-15    2.55226e-15    
435    1e+11    1e+11    0    0    4.21123e-15    4.21123e-15    
435.5    1e+11    1e+11    0    0    1.53136e-15    1.53136e-15    
436    1e+11    1e+11    0    0    2.42465e-15    2.42465e-15    
436.5    1e+11    1e+11    0    0    -2.9351e-15    -2.9351e-15    
437    1e+11    1e+11    0    0    5.35975e-15    5.35975e-15    
437.5    1e+11    1e+11    0    0    -2.55226e-16    -2.55226e-16    
438    1e+11    1e+11    0    0    -1.78658e-15    -1.78658e-15    
438.5    1e+11    1e+11    0    0    1.9142e-15    1.9142e-15    
439    1e+11    1e+11    0    0    6.38065e-16    6.38065e-16    
439.5    1e+11    1e+11    0    0    -6.38065e-16    -6.38065e-16    
440    1e+11    1e+11    0    0    -2.42465e-15    -2.42465e-15    
440.5    1e+11    1e+11    0    0    -1.0209e-15    -1.0209e-15    
441    1e+11    1e+11    0    0    2.55226e-15    2.55226e-15    
441.5    1e+11    1e+11    0    0    2.16942e-15    2.16942e-15    
442    1e+11    1e+11    0    0    2.42465e-15    2.42465e-15    
442.5    1e+11    1e+11    0    0    3.57317e-15    3.57317e-15    
443    1e+11    1e+11    0    0    1.78658e-15    1.78658e-15    
443.5    1e+11    1e+11    0    0    -3.06271e-15    -3.06271e-15    
444    1e+11    1e+11    0    0    0    0    
444.5    1e+11    1e+11    0    0    -8.93291e-16    -8.93291e-16    
445    1e+11    1e+11    0    0    3.82839e-15    3.82839e-15    
445.5    1e+11    1e+11    0    0    -1.14852e-15    -1.14852e-15    
446    1e+11    1e+11    0    0    1.78658e-15    1.78658e-15    
446.5    1e+11    1e+11    0    0    2.29704e-15    2.29704e-15    
447    1e+11    1e+11    0    0    1.78658e-15    1.78658e-15    
447.5    1e+11    1e+11    0    0    3.956e-15    3.956e-15    
448    1e+11    1e+11    0    0    -6.38065e-16    -6.38065e-16    
448.5    1e+11    1e+11    0    0    3.06271e-15    3.06271e-15    
449    1e+11    1e+11    0    0    8.93291e-16    8.93291e-16    
449.5    1e+11    1e+11    0    0    1.0209e-15    1.0209e-15    
450    1e+11    1e+11    0    0    -3.82839e-16    -3.82839e-16    
450.5    1e+11    1e+11    0    0    1.27613e-16    1.27613e-16    
451    1e+11    1e+11    0    0    -1.53136e-15    -1.53136e-15    
451.5    1e+11    1e+11    0    0    -1.27613e-16    -1.27613e-16    
452    1e+11    1e+11    0    0    -1.40374e-15    -1.40374e-15    
452.5    1e+11    1e+11    0    0    1.53136e-15    1.53136e-15    
453    1e+11    1e+11    0    0    2.42465e-15    2.42465e-15    
453.5    1e+11    1e+11    0    0    1.0209e-15    1.0209e-15    
454    1e+11    1e+11    0    0    2.55226e-16    2.55226e-16    
454.5    1e+11    1e+11    0    0    5.10452e-16    5.10452e-16    
455    1e+11    1e+11    0    0    3.82839e-15    3.82839e-15    
455.5    1e+11    1e+11    0    0    2.9351e-15    2.9351e-15    
456    1e+11    1e+11    0    0    4.59407e-15    4.59407e-15    
456.5    1e+11    1e+11    0    0    6.38065e-16    6.38065e-16    
457    1e+11    1e+11    0    0    7.65678e-16    7.65678e-16    
457.5    1e+11    1e+11    0    0    4.72168e-15    4.72168e-15    
458    1e+11    1e+11    0    0    -1.27613e-16    -1.27613e-16    
458.5    1e+11    1e+11    0    0    -3.70078e-15    -3.70078e-15    
459    1e+11    1e+11    0    0    1.0209e-15    1.0209e-15    
459.5    1e+11    1e+11    0    0    3.19033e-15    3.19033e-15    
460    1e+11    1e+11    0    0    1.0209e-15    1.0209e-15    
460.5    1e+11    1e+11    0    0    3.82839e-15    3.82839e-15    
461    1e+11    1e+11    0    0    1.27613e-15    1.27613e-15    
461.5    1e+11    1e+11    0    0    3.31794e-15    3.31794e-15    
462    1e+11    1e+11    0    0    2.42465e-15    2.42465e-15    
462.5    1e+11    1e+11    0    0    2.9351e-15    2.9351e-15    
463    1e+11    1e+11    0    0    2.55226e-15    2.55226e-15    
463.5    1e+11    1e+11    0    0    1.27613e-15    1.27613e-15    
464    1e+11    1e+11    0    0    -2.55226e-16    -2.55226e-16    
464.5    1e+11    1e+11    0    0    -2.55226e-16    -2.55226e-16    
465    1e+11    1e+11    0    0    0    0    
465.5    1e+11    1e+11    0    0    -2.55226e-16    -2.55226e-16    
466    1e+11    1e+11    0    0    7.65678e-16    7.65678e-16    
466.5    1e+11    1e+11    0    0    -3.82839e-16    -3.82839e-16    
467    1e+11    1e+11    0    0    3.82839e-16    3.82839e-16    
467.5    1e+11    1e+11    0    0    1.9142e-15    1.9142e-15    
468    1e+11    1e+11    0    0    3.82839e-16    3.82839e-16    
468.5    1e+11    1e+11    0    0    -1.0209e-15    -1.0209e-15    
469    1e+11    1e+11    0    0    2.67987e-15    2.67987e-15    
469.5    1e+11    1e+11    0    0    2.55226e-15    2.55226e-15    
470    1e+11    1e+11    0    0    -8.93291e-16    -8.93291e-16    
470.5    1e+11    1e+11    0    0    2.55226e-16    2.55226e-16    
471    1e+11    1e+11    0    0    2.55226e-16    2.55226e-16    
471.5    1e+11    1e+11    0    0    3.57317e-15    3.57317e-15    
472    1e+11    1e+11    0    0    2.67987e-15    2.67987e-15    
472.5    1e+11    1e+11    0    0    -1.27613e-15    -1.27613e-15    
473    1e+11    1e+11    0    0    2.55226e-15    2.55226e-15    
473.5    1e+11    1e+11    0    0    -1.78658e-15    -1.78658e-15    
474    1e+11    1e+11    0    0    1.27613e-15    1.27613e-15    
474.5    1e+11    1e+11    0    0    -2.16942e-15    -2.16942e-15    
475    1e+11    1e+11    0    0    4.72168e-15    4.72168e-15    
475.5    1e+11    1e+11    0    0    -8.93291e-16    -8.93291e-16    
476    1e+11    1e+11    0    0    2.04181e-15    2.04181e-15    
476.5    1e+11    1e+11    0    0    -1.14852e-15    -1.14852e-15    
477    1e+11    1e+11    0    0    2.55226e-15    2.55226e-15    
477.5    1e+11    1e+11    0    0    3.44555e-15    3.44555e-15    
478    1e+11    1e+11    0    0    -2.55226e-15    -2.55226e-15    
478.5    1e+11    1e+11    0    0    6.38065e-16    6.38065e-16    
479    1e+11    1e+11    0    0    -8.93291e-16    -8.93291e-16    
479.5    1e+11    1e+11    0    0    1.9142e-15    1.9142e-15    
480    1e+11    1e+11    0    0    1.40374e-15    1.40374e-15    
480.5    1e+11    1e+11    0    0    1.27613e-15    1.27613e-15    
481    1e+11    1e+11    0    0    1.53136e-15    1.53136e-15    
481.5    1e+11    1e+11    0    0    -7.65678e-16    -7.65678e-16    
482    1e+11    1e+11    0    0    -1.9142e-15    -1.9142e-15    
482.5    1e+11    1e+11    0    0    -1.40374e-15    -1.40374e-15    
483    1e+11    1e+11    0    0    -3.44555e-15    -3.44555e-15    
483.5    1e+11    1e+11    0    0    1.78658e-15    1.78658e-15    
484    1e+11    1e+11    0    0    -1.27613e-16    -1.27613e-16    
484.5    1e+11    1e+11    0    0    -1.65897e-15    -1.65897e-15    
485    1e+11    1e+11    0    0    -2.16942e-15    -2.16942e-15    
485.5    1e+11    1e+11    0    0    -6.38065e-16    -6.38065e-16    
486    1e+11    1e+11    0    0    -1.0209e-15    -1.0209e-15    
486.5    1e+11    1e+11    0    0    2.55226e-16    2.55226e-16    
487    1e+11    1e+11    0    0    -6.38065e-16    -6.38065e-16    
487.5    1e+11    1e+11    0    0    3.19033e-15    3.19033e-15    
488    1e+11    1e+11    0    0    2.55226e-16    2.55226e-16    
488.5    1e+11    1e+11    0    0    1.9142e-15    1.9142e-15    
489    1e+11    1e+11    0    0    4.46646e-15    4.46646e-15    
489.5    1e+11    1e+11    0    0    1.40374e-15    1.40374e-15    
490    1e+11    1e+11    0    0    -2.29704e-15    -2.29704e-15    
490.5    1e+11    1e+11    0    0    -1.9142e-15    -1.9142e-15    
491    1e+11    1e+11    0    0    -2.55226e-16    -2.55226e-16    
491.5    1e+11    1e+11    0    0    2.55226e-15    2.55226e-15    
492    1e+11    1e+11    0    0    -1.9142e-15    -1.9142e-15    
492.5    1e+11    1e+11    0    0    0    0    
493    1e+11    1e+11    0    0    1.78658e-15    1.78658e-15    
493.5    1e+11    1e+11    0    0    -1.27613e-16    -1.27613e-16    
494    1e+11    1e+11    0    0    -3.70078e-15    -3.70078e-15    
494.5    1e+11    1e+11    0    0    -6.38065e-16    -6.38065e-16    
495    1e+11    1e+11    0    0    3.70078e-15    3.70078e-15    
495.5    1e+11    1e+11    0    0    2.9351e-15    2.9351e-15    
496    1e+11    1e+11    0    0    1.78658e-15    1.78658e-15    
496.5    1e+11    1e+11    0    0    1.0209e-15    1.0209e-15    
497    1e+11    1e+11    0    0    -1.27613e-15    -1.27613e-15    
497.5    1e+11    1e+11    0    0    -1.78658e-15    -1.78658e-15    
498    1e+11    1e+11    0    0    2.04181e-15    2.04181e-15    
498.5    1e+11    1e+11    0    0    6.38065e-16    6.38065e-16    
499    1e+11    1e+11    0    0    -1.53136e-15    -1.53136e-15    
499.5    1e+11    1e+11    0    0    -3.82839e-16    -3.82839e-16    
500    1e+11    1e+11    0    0    -2.16942e-15    -2.16942e-15    
500.5    1e+11    1e+11    0    0    -7.65678e-16    -7.65678e-16    
501    1e+11    1e+11    0    0    -6.38065e-16    -6.38065e-16    
501.5    1e+11    1e+11    0    0    -2.04181e-15    -2.04181e-15    
502    1e+11    1e+11    0    0    -2.29704e-15    -2.29704e-15    
502.5    1e+11    1e+11    0    0    0    0    
503    1e+11    1e+11    0    0    2.55226e-16    2.55226e-16    
503.5    1e+11    1e+11    0    0    1.0209e-15    1.0209e-15    
504    1e+11    1e+11    0    0    -3.82839e-16    -3.82839e-16    
504.5    1e+11    1e+11    0    0    5.10452e-16    5.10452e-16    
505    1e+11    1e+11    0    0    1.27613e-16    1.27613e-16    
505.5    1e+11    1e+11    0    0    -1.27613e-16    -1.27613e-16    
506    1e+11    1e+11    0    0    -1.27613e-15    -1.27613e-15    
506.5    1e+11    1e+11    0    0    1.27613e-16    1.27613e-16    
507    1e+11    1e+11    0    0    -1.27613e-15    -1.27613e-15    
507.5    1e+11    1e+11    0    0    1.78658e-15    1.78658e-15    
508    1e+11    1e+11    0    0    2.42465e-15    2.42465e-15    
508.5    1e+11    1e+11    0    0    -3.82839e-16    -3.82839e-16    
509    1e+11    1e+11    0    0    6.38065e-16    6.38065e-16    
509.5    1e+11    1e+11    0    0    1.0209e-15    1.0209e-15    
510    1e+11    1e+11    0    0    -1.14852e-15    -1.14852e-15    
510.5    1e+11    1e+11    0    0    -6.38065e-16    -6.38065e-16    
511    1e+11    1e+11    0    0    7.65678e-16    7.65678e-16    
511.5    1e+11    1e+11    0    0    1.40374e-15    1.40374e-15    
512    1e+11    1e+11    0    0    2.55226e-16    2.55226e-16    
512.5    1e+11    1e+11    0    0    3.82839e-16    3.82839e-16    
513    1e+11    1e+11    0    0    3.06271e-15    3.06271e-15    
513.5    1e+11    1e+11    0    0    -1.9142e-15    -1.9142e-15    
514    1e+11    1e+11    0    0    1.53136e-15    1.53136e-15    
514.5    1e+11    1e+11    0    0    0    0    
515    1e+11    1e+11    0    0    -1.78658e-15    -1.78658e-15    
515.5    1e+11    1e+11    0    0    3.82839e-15    3.82839e-15    
516    1e+11    1e+11    0    0    3.19033e-15    3.19033e-15    
516.5    1e+11    1e+11    0    0    -1.40374e-15    -1.40374e-15    
517    1e+11    1e+11    0    0    7.65678e-16    7.65678e-16    
517.5    1e+11    1e+11    0    0    3.82839e-16    3.82839e-16    
518    1e+11    1e+11    0    0    1.27613e-16    1.27613e-16    
518.5    1e+11    1e+11    0    0    5.10452e-16    5.10452e-16    
519    1e+11    1e+11    0    0    1.53136e-15    1.53136e-15    
519.5    1e+11    1e+11    0    0    5.10452e-16    5.10452e-16    
520    1e+11    1e+11    0    0    2.9351e-15    2.9351e-15    
520.5    1e+11    1e+11    0    0    -3.82839e-16    -3.82839e-16    
521    1e+11    1e+11    0    0    1.14852e-15    1.14852e-15    
521.5    1e+11    1e+11    0    0    -3.19033e-15    -3.19033e-15    
522    1e+11    1e+11    0    0    -8.93291e-16    -8.93291e-16    
522.5    1e+11    1e+11    0    0    -6.38065e-16    -6.38065e-16    
523    1e+11    1e+11    0    0    -5.10452e-16    -5.10452e-16    
523.5    1e+11    1e+11    0    0    -7.65678e-16    -7.65678e-16    
524    1e+11    1e+11    0    0    -8.93291e-16    -8.93291e-16    
524.5    1e+11    1e+11    0    0    1.9142e-15    1.9142e-15    
525    1e+11    1e+11    0    0    1.14852e-15    1.14852e-15    
525.5    1e+11    1e+11    0    0    -1.14852e-15    -1.14852e-15    
526    1e+11    1e+11    0    0    1.40374e-15    1.40374e-15    
526.5    1e+11    1e+11    0    0    8.93291e-16    8.93291e-16    
527    1e+11    1e+11    0    0    -1.78658e-15    -1.78658e-15    
527.5    1e+11    1e+11    0    0    4.21123e-15    4.21123e-15    
528    1e+11    1e+11    0    0    1.0209e-15    1.0209e-15    
528.5    1e+11    1e+11    0    0    -1.27613e-16    -1.27613e-16    
529    1e+11    1e+11    0    0    -1.27613e-15    -1.27613e-15    
529.5    1e+11    1e+11    0    0    0    0    
530    1e+11    1e+11    0    0    -2.9351e-15    -2.9351e-15    
530.5    1e+11    1e+11    0    0    5.10452e-16    5.10452e-16    
531    1e+11    1e+11    0    0    -1.65897e-15    -1.65897e-15    
531.5    1e+11    1e+11    0    0    3.82839e-16    3.82839e-16    
532    1e+11    1e+11    0    0    2.29704e-15    2.29704e-15    
532.5    1e+11    1e+11    0    0    -1.14852e-15    -1.14852e-15    
533    1e+11    1e+11    0    0    -7.65678e-16    -7.65678e-16    
533.5    1e+11    1e+11    0    0    2.67987e-15    2.67987e-15    
534    1e+11    1e+11    0    0    0    0    
534.5    1e+11    1e+11    0    0    0    0    
535    1e+11    1e+11    0    0    -5.10452e-16    -5.10452e-16    
535.5    1e+11    1e+11    0    0    7.65678e-16    7.65678e-16    
536    1e+11    1e+11    0    0    -3.82839e-16    -3.82839e-16    
536.5    1e+11    1e+11    0    0    -1.53136e-15    -1.53136e-15    
537    1e+11    1e+11    0    0    1.78658e-15    1.78658e-15    
537.5    1e+11    1e+11    0    0    1.27613e-16    1.27613e-16    
538    1e+11    1e+11    0    0    1.65897e-15    1.65897e-15    
538.5    1e+11    1e+11    0    0    2.55226e-15    2.55226e-15    
539    1e+11    1e+11    0    0    -1.65897e-15    -1.65897e-15    
539.5    1e+11    1e+11    0    0    -1.9142e-15    -1.9142e-15    
540    1e+11    1e+11    0    0    -2.29704e-15    -2.29704e-15    
540.5    1e+11    1e+11    0    0    -3.82839e-16    -3.82839e-16    
541    1e+11    1e+11    0    0    -1.65897e-15    -1.65897e-15    
541.5    1e+11    1e+11    0    0    1.0209e-15    1.0209e-15    
542    1e+11    1e+11    0    0    3.82839e-16    3.82839e-16    
542.5    1e+11    1e+11    0    0    1.40374e-15    1.40374e-15    
543    1e+11    1e+11    0    0    -2.16942e-15    -2.16942e-15    
543.5    1e+11    1e+11    0    0    -1.27613e-15    -1.27613e-15    
544    1e+11    1e+11    0    0    1.65897e-15    1.65897e-15    
544.5    1e+11    1e+11    0    0    1.40374e-15    1.40374e-15    
545    1e+11    1e+11    0    0    -5.10452e-16    -5.10452e-16    
545.5    1e+11    1e+11    0    0    1.27613e-16    1.27613e-16    
546    1e+11    1e+11    0    0    -1.27613e-16    -1.27613e-16    
546.5    1e+11    1e+11    0    0    -2.55226e-16    -2.55226e-16    
547    1e+11    1e+11    0    0    -1.53136e-15    -1.53136e-15    
547.5    1e+11    1e+11    0    0    8.93291e-16    8.93291e-16    
548    1e+11    1e+11    0    0    2.55226e-16    2.55226e-16    
548.5    1e+11    1e+11    0    0    -1.78658e-15    -1.78658e-15    
549    1e+11    1e+11    0    0    2.55226e-16    2.55226e-16    
549.5    1e+11    1e+11    0    0    -2.55226e-16    -2.55226e-16    
550    1e+11    1e+11    0    0    -1.27613e-15    -1.27613e-15    
550.5    1e+11    1e+11    0    0    -6.38065e-16    -6.38065e-16    
551    1e+11    1e+11    0    0    1.65897e-15    1.65897e-15    
551.5    1e+11    1e+11    0    0    8.93291e-16    8.93291e-16    
552    1e+11    1e+11    0    0    1.0209e-15    1.0209e-15    
552.5    1e+11    1e+11    0    0    1.14852e-15    1.14852e-15    
553    1e+11    1e+11    0    0    2.55226e-15    2.55226e-15    
553.5    1e+11    1e+11    0    0    -8.93291e-16    -8.93291e-16    
554    1e+11    1e+11    0    0    5.10452e-16    5.10452e-16    
554.5    1e+11    1e+11    0    0    -1.27613e-16    -1.27613e-16    
555    1e+11    1e+11    0    0    3.82839e-16    3.82839e-16    
555.5    1e+11    1e+11    0    0    3.31794e-15    3.31794e-15    
556    1e+11    1e+11    0    0    2.9351e-15    2.9351e-15    
556.5    1e+11    1e+11    0    0    5.10452e-16    5.10452e-16    
557    1e+11    1e+11    0    0    -1.14852e-15    -1.14852e-15    
557.5    1e+11    1e+11    0    0    -1.40374e-15    -1.40374e-15    
558    1e+11    1e+11    0    0    2.55226e-15    2.55226e-15    
558.5    1e+11    1e+11    0    0    5.10452e-16    5.10452e-16    
559    1e+11    1e+11    0    0    -8.93291e-16    -8.93291e-16    
559.5    1e+11    1e+11    0    0    2.16942e-15    2.16942e-15    
560    1e+11    1e+11    0    0    -1.27613e-15    -1.27613e-15    
560.5    1e+11    1e+11    0    0    -1.40374e-15    -1.40374e-15    
561    1e+11    1e+11    0    0    1.14852e-15    1.14852e-15    
561.5    1e+11    1e+11    0    0    -1.0209e-15    -1.0209e-15    
562    1e+11    1e+11    0    0    -1.53136e-15    -1.53136e-15    
562.5    1e+11    1e+11    0    0    1.14852e-15    1.14852e-15    
563    1e+11    1e+11    0    0    -1.27613e-16    -1.27613e-16    
563.5    1e+11    1e+11    0    0    7.65678e-16    7.65678e-16    
564    1e+11    1e+11    0    0    -3.06271e-15    -3.06271e-15    
564.5    1e+11    1e+11    0    0    -1.27613e-15    -1.27613e-15    
565    1e+11    1e+11    0    0    1.65897e-15    1.65897e-15    
565.5    1e+11    1e+11    0    0    -1.78658e-15    -1.78658e-15    
566    1e+11    1e+11    0    0    -7.65678e-16    -7.65678e-16    
566.5    1e+11    1e+11    0    0    1.0209e-15    1.0209e-15    
567    1e+11    1e+11    0    0    -2.67987e-15    -2.67987e-15    
567.5    1e+11    1e+11    0    0    2.55226e-16    2.55226e-16    
568    1e+11    1e+11    0    0    -1.14852e-15    -1.14852e-15    
568.5    1e+11    1e+11    0    0    1.53136e-15    1.53136e-15    
569    1e+11    1e+11    0    0    1.53136e-15    1.53136e-15    
569.5    1e+11    1e+11    0    0    7.65678e-16    7.65678e-16    
570    1e+11    1e+11    0    0    2.55226e-16    2.55226e-16    
570.5    1e+11    1e+11    0    0    1.0209e-15    1.0209e-15    
571    1e+11    1e+11    0    0    1.53136e-15    1.53136e-15    
571.5    1e+11    1e+11    0    0    1.9142e-15    1.9142e-15    
572    1e+11    1e+11    0    0    -2.55226e-16    -2.55226e-16    
572.5    1e+11    1e+11    0    0    2.55226e-15    2.55226e-15    
573    1e+11    1e+11    0    0    5.10452e-16    5.10452e-16    
573.5    1e+11    1e+11    0    0    -2.04181e-15    -2.04181e-15    
574    1e+11    1e+11    0    0    7.65678e-16    7.65678e-16    
574.5    1e+11    1e+11    0    0    -2.55226e-16    -2.55226e-16    
575    1e+11    1e+11    0    0    2.55226e-16    2.55226e-16    
575.5    1e+11    1e+11    0    0    6.38065e-16    6.38065e-16    
576    1e+11    1e+11    0    0    -2.55226e-16    -2.55226e-16    
576.5    1e+11    1e+11    0    0    1.0209e-15    1.0209e-15    
577    1e+11    1e+11    0    0    -3.82839e-16    -3.82839e-16    
577.5    1e+11    1e+11    0    0    -7.65678e-16    -7.65678e-16    
578    1e+11    1e+11    0    0    1.65897e-15    1.65897e-15    
578.5    1e+11    1e+11    0    0    1.14852e-15    1.14852e-15    
579    1e+11    1e+11    0    0    2.29704e-15    2.29704e-15    
579.5    1e+11    1e+11    0    0    6.38065e-16    6.38065e-16    
580    1e+11    1e+11    0    0    1.78658e-15    1.78658e-15    
580.5    1e+11    1e+11    0    0    5.10452e-16    5.10452e-16    
581    1e+11    1e+11    0    0    2.42465e-15    2.42465e-15    
581.5    1e+11    1e+11    0    0    -1.40374e-15    -1.40374e-15    
582    1e+11    1e+11    0    0    1.27613e-15    1.27613e-15    
582.5    1e+11    1e+11    0    0    -1.0209e-15    -1.0209e-15    
583    1e+11    1e+11    0    0    2.67987e-15    2.67987e-15    
583.5    1e+11    1e+11    0    0    5.10452e-16    5.10452e-16    
584    1e+11    1e+11    0    0    2.29704e-15    2.29704e-15    
584.5    1e+11    1e+11    0    0    -5.10452e-16    -5.10452e-16    
585    1e+11    1e+11    0    0    2.55226e-16    2.55226e-16    
585.5    1e+11    1e+11    0    0    0    0    
586    1e+11    1e+11    0    0    -1.27613e-16    -1.27613e-16    
586.5    1e+11    1e+11    0    0    1.27613e-15    1.27613e-15    
587    1e+11    1e+11    0    0    1.14852e-15    1.14852e-15    
587.5    1e+11    1e+11    0    0    1.53136e-15    1.53136e-15    
588    1e+11    1e+11    0    0    8.93291e-16    8.93291e-16    
588.5    1e+11    1e+11    0    0    1.0209e-15    1.0209e-15    
589    1e+11    1e+11    0    0    -1.78658e-15    -1.78658e-15    
589.5    1e+11    1e+11    0    0    4.21123e-15    4.21123e-15    
590    1e+11    1e+11    0    0    2.16942e-15    2.16942e-15    
590.5    1e+11    1e+11    0    0    -2.55226e-16    -2.55226e-16    
591    1e+11    1e+11    0    0    2.42465e-15    2.42465e-15    
591.5    1e+11    1e+11    0    0    3.82839e-16    3.82839e-16    
592    1e+11    1e+11    0    0    3.57317e-15    3.57317e-15    
592.5    1e+11    1e+11    0    0    -1.0209e-15    -1.0209e-15    
593    1e+11    1e+11    0    0    5.10452e-16    5.10452e-16    
593.5    1e+11    1e+11    0    0    -1.27613e-15    -1.27613e-15    
594    1e+11    1e+11    0    0    -1.27613e-16    -1.27613e-16    
594.5    1e+11    1e+11    0    0    2.55226e-15    2.55226e-15    
595    1e+11    1e+11    0    0    0    0    
595.5    1e+11    1e+11    0    0    2.67987e-15    2.67987e-15    
596    1e+11    1e+11    0    0    2.16942e-15    2.16942e-15    
596.5    1e+11    1e+11    0    0    -5.10452e-16    -5.10452e-16    
597    1e+11    1e+11    0    0    1.78658e-15    1.78658e-15    
597.5    1e+11    1e+11    0    0    5.10452e-16    5.10452e-16    
598    1e+11    1e+11    0    0    -2.55226e-16    -2.55226e-16    
598.5    1e+11    1e+11    0    0    6.38065e-16    6.38065e-16    
599    1e+11    1e+11    0    0    3.19033e-15    3.19033e-15    
599.5    1e+11    1e+11    0    0    8.93291e-16    8.93291e-16    
600    1e+11    1e+11    0    0    1.27613e-16    1.27613e-16    
