/*--------------------------------*- C++ -*----------------------------------*\
| =========                 |                                                 |
| \\      /  F ield         | OpenFOAM: The Open Source CFD Toolbox           |
|  \\    /   O peration     | Version:  dev                                   |
|   \\  /    A nd           | Web:      www.OpenFOAM.org                      |
|    \\/     M anipulation  |                                                 |
\*---------------------------------------------------------------------------*/
FoamFile
{
    version     2.0;
    format      ascii;
    class       faceList;
    location    "0/polyMesh";
    object      faces;
}
// * * * * * * * * * * * * * * * * * * * * * * * * * * * * * * * * * * * * * //


500
(
4(1 101 301 201)
4(0 200 300 100)
4(2 102 302 202)
4(3 103 303 203)
4(4 104 304 204)
4(5 105 305 205)
4(6 106 306 206)
4(7 107 307 207)
4(8 108 308 208)
4(9 109 309 209)
4(10 110 310 210)
4(11 111 311 211)
4(12 112 312 212)
4(13 113 313 213)
4(14 114 314 214)
4(15 115 315 215)
4(16 116 316 216)
4(17 117 317 217)
4(18 118 318 218)
4(19 119 319 219)
4(20 120 320 220)
4(21 121 321 221)
4(22 122 322 222)
4(23 123 323 223)
4(24 124 324 224)
4(25 125 325 225)
4(26 126 326 226)
4(27 127 327 227)
4(28 128 328 228)
4(29 129 329 229)
4(30 130 330 230)
4(31 131 331 231)
4(32 132 332 232)
4(33 133 333 233)
4(34 134 334 234)
4(35 135 335 235)
4(36 136 336 236)
4(37 137 337 237)
4(38 138 338 238)
4(39 139 339 239)
4(40 140 340 240)
4(41 141 341 241)
4(42 142 342 242)
4(43 143 343 243)
4(44 144 344 244)
4(45 145 345 245)
4(46 146 346 246)
4(47 147 347 247)
4(48 148 348 248)
4(49 149 349 249)
4(50 150 350 250)
4(51 151 351 251)
4(52 152 352 252)
4(53 153 353 253)
4(54 154 354 254)
4(55 155 355 255)
4(56 156 356 256)
4(57 157 357 257)
4(58 158 358 258)
4(59 159 359 259)
4(60 160 360 260)
4(61 161 361 261)
4(62 162 362 262)
4(63 163 363 263)
4(64 164 364 264)
4(65 165 365 265)
4(66 166 366 266)
4(67 167 367 267)
4(68 168 368 268)
4(69 169 369 269)
4(70 170 370 270)
4(71 171 371 271)
4(72 172 372 272)
4(73 173 373 273)
4(74 174 374 274)
4(75 175 375 275)
4(76 176 376 276)
4(77 177 377 277)
4(78 178 378 278)
4(79 179 379 279)
4(80 180 380 280)
4(81 181 381 281)
4(82 182 382 282)
4(83 183 383 283)
4(84 184 384 284)
4(85 185 385 285)
4(86 186 386 286)
4(87 187 387 287)
4(88 188 388 288)
4(89 189 389 289)
4(90 190 390 290)
4(91 191 391 291)
4(92 192 392 292)
4(93 193 393 293)
4(94 194 394 294)
4(95 195 395 295)
4(96 196 396 296)
4(97 197 397 297)
4(98 198 398 298)
4(99 199 399 299)
4(0 1 201 200)
4(1 2 202 201)
4(2 3 203 202)
4(3 4 204 203)
4(4 5 205 204)
4(5 6 206 205)
4(6 7 207 206)
4(7 8 208 207)
4(8 9 209 208)
4(9 10 210 209)
4(10 11 211 210)
4(11 12 212 211)
4(12 13 213 212)
4(13 14 214 213)
4(14 15 215 214)
4(15 16 216 215)
4(16 17 217 216)
4(17 18 218 217)
4(18 19 219 218)
4(19 20 220 219)
4(20 21 221 220)
4(21 22 222 221)
4(22 23 223 222)
4(23 24 224 223)
4(24 25 225 224)
4(25 26 226 225)
4(26 27 227 226)
4(27 28 228 227)
4(28 29 229 228)
4(29 30 230 229)
4(30 31 231 230)
4(31 32 232 231)
4(32 33 233 232)
4(33 34 234 233)
4(34 35 235 234)
4(35 36 236 235)
4(36 37 237 236)
4(37 38 238 237)
4(38 39 239 238)
4(39 40 240 239)
4(40 41 241 240)
4(41 42 242 241)
4(42 43 243 242)
4(43 44 244 243)
4(44 45 245 244)
4(45 46 246 245)
4(46 47 247 246)
4(47 48 248 247)
4(48 49 249 248)
4(49 50 250 249)
4(50 51 251 250)
4(51 52 252 251)
4(52 53 253 252)
4(53 54 254 253)
4(54 55 255 254)
4(55 56 256 255)
4(56 57 257 256)
4(57 58 258 257)
4(58 59 259 258)
4(59 60 260 259)
4(60 61 261 260)
4(61 62 262 261)
4(62 63 263 262)
4(63 64 264 263)
4(64 65 265 264)
4(65 66 266 265)
4(66 67 267 266)
4(67 68 268 267)
4(68 69 269 268)
4(69 70 270 269)
4(70 71 271 270)
4(71 72 272 271)
4(72 73 273 272)
4(73 74 274 273)
4(74 75 275 274)
4(75 76 276 275)
4(76 77 277 276)
4(77 78 278 277)
4(78 79 279 278)
4(79 80 280 279)
4(80 81 281 280)
4(81 82 282 281)
4(82 83 283 282)
4(83 84 284 283)
4(84 85 285 284)
4(85 86 286 285)
4(86 87 287 286)
4(87 88 288 287)
4(88 89 289 288)
4(89 90 290 289)
4(90 91 291 290)
4(91 92 292 291)
4(92 93 293 292)
4(93 94 294 293)
4(94 95 295 294)
4(95 96 296 295)
4(96 97 297 296)
4(97 98 298 297)
4(98 99 299 298)
4(99 0 200 299)
4(100 300 301 101)
4(101 301 302 102)
4(102 302 303 103)
4(103 303 304 104)
4(104 304 305 105)
4(105 305 306 106)
4(106 306 307 107)
4(107 307 308 108)
4(108 308 309 109)
4(109 309 310 110)
4(110 310 311 111)
4(111 311 312 112)
4(112 312 313 113)
4(113 313 314 114)
4(114 314 315 115)
4(115 315 316 116)
4(116 316 317 117)
4(117 317 318 118)
4(118 318 319 119)
4(119 319 320 120)
4(120 320 321 121)
4(121 321 322 122)
4(122 322 323 123)
4(123 323 324 124)
4(124 324 325 125)
4(125 325 326 126)
4(126 326 327 127)
4(127 327 328 128)
4(128 328 329 129)
4(129 329 330 130)
4(130 330 331 131)
4(131 331 332 132)
4(132 332 333 133)
4(133 333 334 134)
4(134 334 335 135)
4(135 335 336 136)
4(136 336 337 137)
4(137 337 338 138)
4(138 338 339 139)
4(139 339 340 140)
4(140 340 341 141)
4(141 341 342 142)
4(142 342 343 143)
4(143 343 344 144)
4(144 344 345 145)
4(145 345 346 146)
4(146 346 347 147)
4(147 347 348 148)
4(148 348 349 149)
4(149 349 350 150)
4(150 350 351 151)
4(151 351 352 152)
4(152 352 353 153)
4(153 353 354 154)
4(154 354 355 155)
4(155 355 356 156)
4(156 356 357 157)
4(157 357 358 158)
4(158 358 359 159)
4(159 359 360 160)
4(160 360 361 161)
4(161 361 362 162)
4(162 362 363 163)
4(163 363 364 164)
4(164 364 365 165)
4(165 365 366 166)
4(166 366 367 167)
4(167 367 368 168)
4(168 368 369 169)
4(169 369 370 170)
4(170 370 371 171)
4(171 371 372 172)
4(172 372 373 173)
4(173 373 374 174)
4(174 374 375 175)
4(175 375 376 176)
4(176 376 377 177)
4(177 377 378 178)
4(178 378 379 179)
4(179 379 380 180)
4(180 380 381 181)
4(181 381 382 182)
4(182 382 383 183)
4(183 383 384 184)
4(184 384 385 185)
4(185 385 386 186)
4(186 386 387 187)
4(187 387 388 188)
4(188 388 389 189)
4(189 389 390 190)
4(190 390 391 191)
4(191 391 392 192)
4(192 392 393 193)
4(193 393 394 194)
4(194 394 395 195)
4(195 395 396 196)
4(196 396 397 197)
4(197 397 398 198)
4(198 398 399 199)
4(199 399 300 100)
4(200 201 301 300)
4(201 202 302 301)
4(202 203 303 302)
4(203 204 304 303)
4(204 205 305 304)
4(205 206 306 305)
4(206 207 307 306)
4(207 208 308 307)
4(208 209 309 308)
4(209 210 310 309)
4(210 211 311 310)
4(211 212 312 311)
4(212 213 313 312)
4(213 214 314 313)
4(214 215 315 314)
4(215 216 316 315)
4(216 217 317 316)
4(217 218 318 317)
4(218 219 319 318)
4(219 220 320 319)
4(220 221 321 320)
4(221 222 322 321)
4(222 223 323 322)
4(223 224 324 323)
4(224 225 325 324)
4(225 226 326 325)
4(226 227 327 326)
4(227 228 328 327)
4(228 229 329 328)
4(229 230 330 329)
4(230 231 331 330)
4(231 232 332 331)
4(232 233 333 332)
4(233 234 334 333)
4(234 235 335 334)
4(235 236 336 335)
4(236 237 337 336)
4(237 238 338 337)
4(238 239 339 338)
4(239 240 340 339)
4(240 241 341 340)
4(241 242 342 341)
4(242 243 343 342)
4(243 244 344 343)
4(244 245 345 344)
4(245 246 346 345)
4(246 247 347 346)
4(247 248 348 347)
4(248 249 349 348)
4(249 250 350 349)
4(250 251 351 350)
4(251 252 352 351)
4(252 253 353 352)
4(253 254 354 353)
4(254 255 355 354)
4(255 256 356 355)
4(256 257 357 356)
4(257 258 358 357)
4(258 259 359 358)
4(259 260 360 359)
4(260 261 361 360)
4(261 262 362 361)
4(262 263 363 362)
4(263 264 364 363)
4(264 265 365 364)
4(265 266 366 365)
4(266 267 367 366)
4(267 268 368 367)
4(268 269 369 368)
4(269 270 370 369)
4(270 271 371 370)
4(271 272 372 371)
4(272 273 373 372)
4(273 274 374 373)
4(274 275 375 374)
4(275 276 376 375)
4(276 277 377 376)
4(277 278 378 377)
4(278 279 379 378)
4(279 280 380 379)
4(280 281 381 380)
4(281 282 382 381)
4(282 283 383 382)
4(283 284 384 383)
4(284 285 385 384)
4(285 286 386 385)
4(286 287 387 386)
4(287 288 388 387)
4(288 289 389 388)
4(289 290 390 389)
4(290 291 391 390)
4(291 292 392 391)
4(292 293 393 392)
4(293 294 394 393)
4(294 295 395 394)
4(295 296 396 395)
4(296 297 397 396)
4(297 298 398 397)
4(298 299 399 398)
4(299 200 300 399)
4(0 100 101 1)
4(1 101 102 2)
4(2 102 103 3)
4(3 103 104 4)
4(4 104 105 5)
4(5 105 106 6)
4(6 106 107 7)
4(7 107 108 8)
4(8 108 109 9)
4(9 109 110 10)
4(10 110 111 11)
4(11 111 112 12)
4(12 112 113 13)
4(13 113 114 14)
4(14 114 115 15)
4(15 115 116 16)
4(16 116 117 17)
4(17 117 118 18)
4(18 118 119 19)
4(19 119 120 20)
4(20 120 121 21)
4(21 121 122 22)
4(22 122 123 23)
4(23 123 124 24)
4(24 124 125 25)
4(25 125 126 26)
4(26 126 127 27)
4(27 127 128 28)
4(28 128 129 29)
4(29 129 130 30)
4(30 130 131 31)
4(31 131 132 32)
4(32 132 133 33)
4(33 133 134 34)
4(34 134 135 35)
4(35 135 136 36)
4(36 136 137 37)
4(37 137 138 38)
4(38 138 139 39)
4(39 139 140 40)
4(40 140 141 41)
4(41 141 142 42)
4(42 142 143 43)
4(43 143 144 44)
4(44 144 145 45)
4(45 145 146 46)
4(46 146 147 47)
4(47 147 148 48)
4(48 148 149 49)
4(49 149 150 50)
4(50 150 151 51)
4(51 151 152 52)
4(52 152 153 53)
4(53 153 154 54)
4(54 154 155 55)
4(55 155 156 56)
4(56 156 157 57)
4(57 157 158 58)
4(58 158 159 59)
4(59 159 160 60)
4(60 160 161 61)
4(61 161 162 62)
4(62 162 163 63)
4(63 163 164 64)
4(64 164 165 65)
4(65 165 166 66)
4(66 166 167 67)
4(67 167 168 68)
4(68 168 169 69)
4(69 169 170 70)
4(70 170 171 71)
4(71 171 172 72)
4(72 172 173 73)
4(73 173 174 74)
4(74 174 175 75)
4(75 175 176 76)
4(76 176 177 77)
4(77 177 178 78)
4(78 178 179 79)
4(79 179 180 80)
4(80 180 181 81)
4(81 181 182 82)
4(82 182 183 83)
4(83 183 184 84)
4(84 184 185 85)
4(85 185 186 86)
4(86 186 187 87)
4(87 187 188 88)
4(88 188 189 89)
4(89 189 190 90)
4(90 190 191 91)
4(91 191 192 92)
4(92 192 193 93)
4(93 193 194 94)
4(94 194 195 95)
4(95 195 196 96)
4(96 196 197 97)
4(97 197 198 98)
4(98 198 199 99)
4(99 199 100 0)
)


// ************************************************************************* //
