/*--------------------------------*- C++ -*----------------------------------*\
| =========                 |                                                 |
| \\      /  F ield         | OpenFOAM: The Open Source CFD Toolbox           |
|  \\    /   O peration     | Version:  dev                                   |
|   \\  /    A nd           | Web:      www.OpenFOAM.org                      |
|    \\/     M anipulation  |                                                 |
\*---------------------------------------------------------------------------*/
FoamFile
{
    version     2.0;
    format      ascii;
    class       vectorField;
    location    "0/polyMesh";
    object      points;
}
// * * * * * * * * * * * * * * * * * * * * * * * * * * * * * * * * * * * * * //


400
(
(2 0 0)
(1.996053456856543 0.1255810390586267 0)
(1.984229402628956 0.2506664671286085 0)
(1.964574501457377 0.3747626291714492 0)
(1.937166322257262 0.4973797743297096 0)
(1.902113032590307 0.618033988749895 0)
(1.859552971776503 0.7362491053693558 0)
(1.809654104932039 0.8515585831301454 0)
(1.752613360087727 0.9635073482034306 0)
(1.68865585100403 1.071653589957993 0)
(1.618033988749895 1.175570504584946 0)
(1.541026485551579 1.274847979497379 0)
(1.457937254842823 1.369094211857377 0)
(1.369094211857377 1.457937254842823 0)
(1.274847979497379 1.541026485551579 0)
(1.175570504584946 1.618033988749895 0)
(1.071653589957993 1.68865585100403 0)
(0.9635073482034303 1.752613360087727 0)
(0.8515585831301453 1.809654104932039 0)
(0.7362491053693562 1.859552971776503 0)
(0.618033988749895 1.902113032590307 0)
(0.4973797743297099 1.937166322257262 0)
(0.3747626291714495 1.964574501457377 0)
(0.2506664671286085 1.984229402628956 0)
(0.1255810390586271 1.996053456856543 0)
(1.224646799147353e-16 2 0)
(-0.1255810390586268 1.996053456856543 0)
(-0.2506664671286088 1.984229402628956 0)
(-0.3747626291714497 1.964574501457377 0)
(-0.4973797743297093 1.937166322257262 0)
(-0.6180339887498947 1.902113032590307 0)
(-0.7362491053693561 1.859552971776503 0)
(-0.8515585831301454 1.809654104932039 0)
(-0.9635073482034309 1.752613360087727 0)
(-1.071653589957994 1.68865585100403 0)
(-1.175570504584945 1.618033988749896 0)
(-1.274847979497379 1.541026485551579 0)
(-1.369094211857376 1.457937254842824 0)
(-1.457937254842824 1.369094211857376 0)
(-1.541026485551578 1.27484797949738 0)
(-1.618033988749895 1.175570504584946 0)
(-1.68865585100403 1.071653589957994 0)
(-1.752613360087727 0.9635073482034312 0)
(-1.809654104932039 0.8515585831301459 0)
(-1.859552971776503 0.7362491053693563 0)
(-1.902113032590307 0.618033988749895 0)
(-1.937166322257262 0.4973797743297096 0)
(-1.964574501457377 0.37476262917145 0)
(-1.984229402628956 0.2506664671286091 0)
(-1.996053456856543 0.1255810390586272 0)
(-2 2.449293598294706e-16 0)
(-1.996053456856543 -0.1255810390586267 0)
(-1.984229402628956 -0.2506664671286086 0)
(-1.964574501457377 -0.3747626291714496 0)
(-1.937166322257262 -0.49737977432971 0)
(-1.902113032590307 -0.6180339887498955 0)
(-1.859552971776502 -0.7362491053693566 0)
(-1.80965410493204 -0.8515585831301447 0)
(-1.752613360087728 -0.9635073482034301 0)
(-1.68865585100403 -1.071653589957993 0)
(-1.618033988749895 -1.175570504584946 0)
(-1.541026485551579 -1.274847979497379 0)
(-1.457937254842823 -1.369094211857377 0)
(-1.369094211857378 -1.457937254842823 0)
(-1.274847979497379 -1.541026485551579 0)
(-1.175570504584946 -1.618033988749895 0)
(-1.071653589957993 -1.688655851004031 0)
(-0.9635073482034305 -1.752613360087727 0)
(-0.8515585831301443 -1.80965410493204 0)
(-0.7362491053693573 -1.859552971776502 0)
(-0.618033988749897 -1.902113032590307 0)
(-0.4973797743297106 -1.937166322257262 0)
(-0.3747626291714493 -1.964574501457377 0)
(-0.2506664671286092 -1.984229402628956 0)
(-0.1255810390586282 -1.996053456856543 0)
(-3.673940397442059e-16 -2 0)
(0.1255810390586274 -1.996053456856543 0)
(0.2506664671286085 -1.984229402628956 0)
(0.3747626291714485 -1.964574501457377 0)
(0.4973797743297099 -1.937166322257262 0)
(0.6180339887498962 -1.902113032590307 0)
(0.7362491053693566 -1.859552971776503 0)
(0.8515585831301437 -1.80965410493204 0)
(0.9635073482034299 -1.752613360087728 0)
(1.071653589957992 -1.688655851004031 0)
(1.175570504584946 -1.618033988749895 0)
(1.274847979497379 -1.541026485551579 0)
(1.369094211857377 -1.457937254842823 0)
(1.457937254842822 -1.369094211857378 0)
(1.541026485551579 -1.274847979497379 0)
(1.618033988749895 -1.175570504584947 0)
(1.688655851004031 -1.071653589957993 0)
(1.752613360087727 -0.9635073482034306 0)
(1.80965410493204 -0.8515585831301445 0)
(1.859552971776502 -0.7362491053693574 0)
(1.902113032590307 -0.6180339887498971 0)
(1.937166322257262 -0.4973797743297107 0)
(1.964574501457377 -0.3747626291714494 0)
(1.984229402628956 -0.2506664671286093 0)
(1.996053456856543 -0.1255810390586283 0)
(1.9 0 0)
(1.896250784013716 0.1193019871056954 0)
(1.885017932497508 0.2381331437721781 0)
(1.866345776384508 0.3560244977128768 0)
(1.840308006144399 0.4725107856132241 0)
(1.807007380960792 0.5871322893124001 0)
(1.766575323187678 0.699436650100888 0)
(1.719171399685437 0.8089806539736382 0)
(1.664982692083341 0.9153319807932589 0)
(1.604223058453829 1.018070910460094 0)
(1.5371322893124 1.116791979355699 0)
(1.463975161274 1.21110558052251 0)
(1.385040392100682 1.300639501264508 0)
(1.300639501264508 1.385040392100682 0)
(1.21110558052251 1.463975161274 0)
(1.116791979355699 1.5371322893124 0)
(1.018070910460093 1.604223058453829 0)
(0.9153319807932586 1.664982692083341 0)
(0.8089806539736379 1.719171399685437 0)
(0.6994366501008883 1.766575323187678 0)
(0.5871322893124001 1.807007380960792 0)
(0.4725107856132244 1.840308006144399 0)
(0.356024497712877 1.866345776384508 0)
(0.2381331437721781 1.885017932497508 0)
(0.1193019871056957 1.896250784013716 0)
(1.163414459189985e-16 1.9 0)
(-0.1193019871056955 1.896250784013716 0)
(-0.2381331437721783 1.885017932497508 0)
(-0.3560244977128771 1.866345776384508 0)
(-0.4725107856132237 1.840308006144399 0)
(-0.5871322893123999 1.807007380960792 0)
(-0.6994366501008881 1.766575323187678 0)
(-0.8089806539736382 1.719171399685437 0)
(-0.9153319807932593 1.664982692083341 0)
(-1.018070910460094 1.604223058453828 0)
(-1.116791979355698 1.537132289312401 0)
(-1.21110558052251 1.463975161274 0)
(-1.300639501264507 1.385040392100683 0)
(-1.385040392100683 1.300639501264508 0)
(-1.463975161273999 1.211105580522511 0)
(-1.5371322893124 1.116791979355698 0)
(-1.604223058453828 1.018070910460094 0)
(-1.66498269208334 0.9153319807932596 0)
(-1.719171399685437 0.8089806539736384 0)
(-1.766575323187678 0.6994366501008884 0)
(-1.807007380960792 0.5871322893124002 0)
(-1.840308006144399 0.4725107856132241 0)
(-1.866345776384508 0.3560244977128775 0)
(-1.885017932497508 0.2381331437721786 0)
(-1.896250784013716 0.1193019871056958 0)
(-1.9 2.326828918379971e-16 0)
(-1.896250784013716 -0.1193019871056954 0)
(-1.885017932497508 -0.2381331437721781 0)
(-1.866345776384508 -0.3560244977128771 0)
(-1.840308006144399 -0.4725107856132245 0)
(-1.807007380960792 -0.5871322893124007 0)
(-1.766575323187677 -0.6994366501008887 0)
(-1.719171399685437 -0.8089806539736372 0)
(-1.664982692083341 -0.9153319807932584 0)
(-1.604223058453829 -1.018070910460093 0)
(-1.5371322893124 -1.116791979355699 0)
(-1.463975161274 -1.21110558052251 0)
(-1.385040392100682 -1.300639501264508 0)
(-1.300639501264509 -1.385040392100681 0)
(-1.21110558052251 -1.463975161274 0)
(-1.116791979355699 -1.5371322893124 0)
(-1.018070910460093 -1.604223058453829 0)
(-0.9153319807932589 -1.664982692083341 0)
(-0.8089806539736369 -1.719171399685437 0)
(-0.6994366501008893 -1.766575323187677 0)
(-0.587132289312402 -1.807007380960791 0)
(-0.4725107856132251 -1.840308006144399 0)
(-0.3560244977128768 -1.866345776384508 0)
(-0.2381331437721787 -1.885017932497508 0)
(-0.1193019871056968 -1.896250784013716 0)
(-3.490243377569956e-16 -1.9 0)
(0.1193019871056961 -1.896250784013716 0)
(0.238133143772178 -1.885017932497508 0)
(0.3560244977128761 -1.866345776384508 0)
(0.4725107856132243 -1.840308006144399 0)
(0.5871322893124012 -1.807007380960791 0)
(0.6994366501008886 -1.766575323187677 0)
(0.8089806539736365 -1.719171399685438 0)
(0.9153319807932583 -1.664982692083341 0)
(1.018070910460092 -1.604223058453829 0)
(1.116791979355699 -1.5371322893124 0)
(1.21110558052251 -1.463975161274 0)
(1.300639501264508 -1.385040392100682 0)
(1.385040392100681 -1.300639501264509 0)
(1.463975161274 -1.21110558052251 0)
(1.5371322893124 -1.116791979355699 0)
(1.604223058453829 -1.018070910460093 0)
(1.664982692083341 -0.9153319807932589 0)
(1.719171399685437 -0.8089806539736372 0)
(1.766575323187677 -0.6994366501008895 0)
(1.807007380960791 -0.5871322893124021 0)
(1.840308006144399 -0.4725107856132251 0)
(1.866345776384508 -0.3560244977128769 0)
(1.885017932497508 -0.2381331437721788 0)
(1.896250784013716 -0.1193019871056969 0)
(2 0 1)
(1.996053456856543 0.1255810390586267 1)
(1.984229402628956 0.2506664671286085 1)
(1.964574501457377 0.3747626291714492 0.9999999999999999)
(1.937166322257262 0.4973797743297096 1)
(1.902113032590307 0.618033988749895 1)
(1.859552971776503 0.7362491053693558 1)
(1.809654104932039 0.8515585831301454 0.9999999999999999)
(1.752613360087727 0.9635073482034306 1)
(1.68865585100403 1.071653589957993 1)
(1.618033988749895 1.175570504584946 1)
(1.541026485551579 1.274847979497379 1)
(1.457937254842823 1.369094211857377 1)
(1.369094211857377 1.457937254842823 1)
(1.274847979497379 1.541026485551579 1)
(1.175570504584946 1.618033988749895 1)
(1.071653589957993 1.68865585100403 1)
(0.9635073482034303 1.752613360087727 1)
(0.8515585831301453 1.809654104932039 1)
(0.7362491053693562 1.859552971776503 1)
(0.618033988749895 1.902113032590307 1)
(0.4973797743297099 1.937166322257262 1)
(0.3747626291714495 1.964574501457377 1)
(0.2506664671286085 1.984229402628956 1)
(0.1255810390586271 1.996053456856543 1)
(1.224646799147353e-16 2 1)
(-0.1255810390586268 1.996053456856543 1)
(-0.2506664671286088 1.984229402628956 1)
(-0.3747626291714497 1.964574501457377 1)
(-0.4973797743297093 1.937166322257262 1)
(-0.6180339887498947 1.902113032590307 1)
(-0.7362491053693561 1.859552971776503 1)
(-0.8515585831301454 1.809654104932039 0.9999999999999999)
(-0.9635073482034309 1.752613360087727 1)
(-1.071653589957994 1.68865585100403 1)
(-1.175570504584945 1.618033988749896 1)
(-1.274847979497379 1.541026485551579 1)
(-1.369094211857376 1.457937254842824 1)
(-1.457937254842824 1.369094211857376 1)
(-1.541026485551578 1.27484797949738 1)
(-1.618033988749895 1.175570504584946 1)
(-1.68865585100403 1.071653589957994 1)
(-1.752613360087727 0.9635073482034312 1)
(-1.809654104932039 0.8515585831301459 1)
(-1.859552971776503 0.7362491053693563 1)
(-1.902113032590307 0.618033988749895 1)
(-1.937166322257262 0.4973797743297096 1)
(-1.964574501457377 0.37476262917145 1)
(-1.984229402628956 0.2506664671286091 1)
(-1.996053456856543 0.1255810390586272 1)
(-2 2.449293598294706e-16 1)
(-1.996053456856543 -0.1255810390586267 1)
(-1.984229402628956 -0.2506664671286086 1)
(-1.964574501457377 -0.3747626291714496 1)
(-1.937166322257262 -0.49737977432971 1)
(-1.902113032590307 -0.6180339887498955 1)
(-1.859552971776502 -0.7362491053693566 1)
(-1.80965410493204 -0.8515585831301447 1)
(-1.752613360087728 -0.9635073482034301 1)
(-1.68865585100403 -1.071653589957993 1)
(-1.618033988749895 -1.175570504584946 1)
(-1.541026485551579 -1.274847979497379 1)
(-1.457937254842823 -1.369094211857377 1)
(-1.369094211857378 -1.457937254842823 1)
(-1.274847979497379 -1.541026485551579 1)
(-1.175570504584946 -1.618033988749895 1)
(-1.071653589957993 -1.688655851004031 1)
(-0.9635073482034305 -1.752613360087727 1)
(-0.8515585831301443 -1.80965410493204 1)
(-0.7362491053693573 -1.859552971776502 1)
(-0.618033988749897 -1.902113032590307 1)
(-0.4973797743297106 -1.937166322257262 1)
(-0.3747626291714493 -1.964574501457377 1)
(-0.2506664671286092 -1.984229402628956 1)
(-0.1255810390586282 -1.996053456856543 1)
(-3.673940397442059e-16 -2 1)
(0.1255810390586274 -1.996053456856543 1)
(0.2506664671286085 -1.984229402628956 1)
(0.3747626291714485 -1.964574501457377 1)
(0.4973797743297099 -1.937166322257262 1)
(0.6180339887498962 -1.902113032590307 1)
(0.7362491053693566 -1.859552971776503 1)
(0.8515585831301437 -1.80965410493204 1)
(0.9635073482034299 -1.752613360087728 1)
(1.071653589957992 -1.688655851004031 1)
(1.175570504584946 -1.618033988749895 1)
(1.274847979497379 -1.541026485551579 1)
(1.369094211857377 -1.457937254842823 1)
(1.457937254842822 -1.369094211857378 1)
(1.541026485551579 -1.274847979497379 1)
(1.618033988749895 -1.175570504584947 1)
(1.688655851004031 -1.071653589957993 1)
(1.752613360087727 -0.9635073482034306 1)
(1.80965410493204 -0.8515585831301445 1)
(1.859552971776502 -0.7362491053693574 1)
(1.902113032590307 -0.6180339887498971 1)
(1.937166322257262 -0.4973797743297107 1)
(1.964574501457377 -0.3747626291714494 1)
(1.984229402628956 -0.2506664671286093 1)
(1.996053456856543 -0.1255810390586283 1)
(1.9 0 1)
(1.896250784013716 0.1193019871056954 1)
(1.885017932497508 0.2381331437721781 1)
(1.866345776384508 0.3560244977128768 1)
(1.840308006144399 0.4725107856132241 1)
(1.807007380960792 0.5871322893124001 1)
(1.766575323187678 0.699436650100888 1)
(1.719171399685437 0.8089806539736382 1)
(1.664982692083341 0.9153319807932589 1)
(1.604223058453829 1.018070910460094 1)
(1.5371322893124 1.116791979355699 1)
(1.463975161274 1.21110558052251 1)
(1.385040392100682 1.300639501264508 1)
(1.300639501264508 1.385040392100682 1)
(1.21110558052251 1.463975161274 1)
(1.116791979355699 1.5371322893124 1)
(1.018070910460093 1.604223058453829 1)
(0.9153319807932586 1.664982692083341 1)
(0.8089806539736379 1.719171399685437 1)
(0.6994366501008883 1.766575323187678 1)
(0.5871322893124001 1.807007380960792 1)
(0.4725107856132244 1.840308006144399 1)
(0.356024497712877 1.866345776384508 1)
(0.2381331437721781 1.885017932497508 1)
(0.1193019871056957 1.896250784013716 1)
(1.163414459189985e-16 1.9 1)
(-0.1193019871056955 1.896250784013716 1)
(-0.2381331437721783 1.885017932497508 1)
(-0.3560244977128771 1.866345776384508 1)
(-0.4725107856132237 1.840308006144399 1)
(-0.5871322893123999 1.807007380960792 1)
(-0.6994366501008881 1.766575323187678 1)
(-0.8089806539736382 1.719171399685437 1)
(-0.9153319807932593 1.664982692083341 1)
(-1.018070910460094 1.604223058453828 1)
(-1.116791979355698 1.537132289312401 1)
(-1.21110558052251 1.463975161274 1)
(-1.300639501264507 1.385040392100683 1)
(-1.385040392100683 1.300639501264508 1)
(-1.463975161273999 1.211105580522511 1)
(-1.5371322893124 1.116791979355698 1)
(-1.604223058453828 1.018070910460094 1)
(-1.66498269208334 0.9153319807932596 1)
(-1.719171399685437 0.8089806539736384 1)
(-1.766575323187678 0.6994366501008884 1)
(-1.807007380960792 0.5871322893124002 1)
(-1.840308006144399 0.4725107856132241 1)
(-1.866345776384508 0.3560244977128775 1)
(-1.885017932497508 0.2381331437721786 1)
(-1.896250784013716 0.1193019871056958 1)
(-1.9 2.326828918379971e-16 1)
(-1.896250784013716 -0.1193019871056954 1)
(-1.885017932497508 -0.2381331437721781 1)
(-1.866345776384508 -0.3560244977128771 1)
(-1.840308006144399 -0.4725107856132245 1)
(-1.807007380960792 -0.5871322893124007 1)
(-1.766575323187677 -0.6994366501008887 1)
(-1.719171399685437 -0.8089806539736372 1)
(-1.664982692083341 -0.9153319807932584 1)
(-1.604223058453829 -1.018070910460093 1)
(-1.5371322893124 -1.116791979355699 1)
(-1.463975161274 -1.21110558052251 1)
(-1.385040392100682 -1.300639501264508 1)
(-1.300639501264509 -1.385040392100681 1)
(-1.21110558052251 -1.463975161274 1)
(-1.116791979355699 -1.5371322893124 1)
(-1.018070910460093 -1.604223058453829 1)
(-0.9153319807932589 -1.664982692083341 1)
(-0.8089806539736369 -1.719171399685437 1)
(-0.6994366501008893 -1.766575323187677 1)
(-0.587132289312402 -1.807007380960791 1)
(-0.4725107856132251 -1.840308006144399 1)
(-0.3560244977128768 -1.866345776384508 1)
(-0.2381331437721787 -1.885017932497508 1)
(-0.1193019871056968 -1.896250784013716 1)
(-3.490243377569956e-16 -1.9 1)
(0.1193019871056961 -1.896250784013716 1)
(0.238133143772178 -1.885017932497508 1)
(0.3560244977128761 -1.866345776384508 1)
(0.4725107856132243 -1.840308006144399 1)
(0.5871322893124012 -1.807007380960791 1)
(0.6994366501008886 -1.766575323187677 1)
(0.8089806539736365 -1.719171399685438 1)
(0.9153319807932583 -1.664982692083341 1)
(1.018070910460092 -1.604223058453829 1)
(1.116791979355699 -1.5371322893124 1)
(1.21110558052251 -1.463975161274 1)
(1.300639501264508 -1.385040392100682 1)
(1.385040392100681 -1.300639501264509 1)
(1.463975161274 -1.21110558052251 1)
(1.5371322893124 -1.116791979355699 1)
(1.604223058453829 -1.018070910460093 1)
(1.664982692083341 -0.9153319807932589 1)
(1.719171399685437 -0.8089806539736372 1)
(1.766575323187677 -0.6994366501008895 1)
(1.807007380960791 -0.5871322893124021 1)
(1.840308006144399 -0.4725107856132251 1)
(1.866345776384508 -0.3560244977128769 1)
(1.885017932497508 -0.2381331437721788 1)
(1.896250784013716 -0.1193019871056969 1)
)


// ************************************************************************* //
