#time   totalV   totalAV   Vchange   AVchange   Tchange   ATchange
0    1e+11    1e+11    0    0    0    0    
1    1e+11    1e+11    2.14035e-12    -6.10352e-16    3.83548e-16    8.94944e-16    
2    9.99999e+10    1e+11    -5.7694e-07    1.52588e-16    -1.27849e-16    1.27849e-16    
3    9.99999e+10    1e+11    -7.00845e-07    -1.52588e-16    8.18235e-15    2.55698e-16    
4    9.99999e+10    1e+11    -1.11582e-06    -3.05176e-16    8.41248e-14    1.27849e-16    
5    9.99999e+10    1e+11    -1.28459e-06    1.06812e-15    2.85999e-13    5.11397e-16    
6    9.99999e+10    1e+11    -1.4739e-06    1.83105e-15    6.50625e-13    1.02279e-15    
7    9.99999e+10    1e+11    -1.44561e-06    -1.67847e-15    1.11344e-12    -1.27849e-16    
8    9.99999e+10    1e+11    -1.46967e-06    -1.37329e-15    9.43399e-13    1.02279e-15    
9    9.99999e+10    1e+11    -1.44985e-06    -1.06812e-15    -1.44917e-12    -7.67095e-16    
10    9.99999e+10    1e+11    -1.42513e-06    7.62939e-16    -1.03038e-11    3.83548e-16    
11    9.99999e+10    1e+11    -1.33913e-06    7.62939e-16    -3.33573e-11    3.83548e-16    
12    9.99999e+10    1e+11    -1.26025e-06    -1.67847e-15    -8.30346e-11    1.78989e-15    
13    9.99999e+10    1e+11    -1.12188e-06    6.10352e-16    -1.76649e-10    7.67095e-16    
14    9.99999e+10    1e+11    -8.98861e-07    -7.62939e-16    -3.23349e-10    -5.11397e-16    
15    9.99999e+10    1e+11    -6.86835e-07    1.52588e-16    -5.24928e-10    3.83548e-16    
16    1e+11    1e+11    -4.59313e-07    6.10352e-16    -7.81242e-10    -2.55698e-16    
17    1e+11    1e+11    -2.48653e-07    -6.10352e-16    -1.0512e-09    -7.67095e-16    
18    1e+11    1e+11    -9.24968e-08    4.57764e-16    -1.22386e-09    2.55698e-16    
19    1e+11    1e+11    4.45607e-08    -2.28882e-15    -1.17416e-09    6.39246e-16    
20    1e+11    1e+11    1.74599e-07    -1.67847e-15    -7.84488e-10    3.83548e-16    
21    1e+11    1e+11    2.98729e-07    2.13623e-15    1.82998e-10    -1.15064e-15    
22    1e+11    1e+11    4.56836e-07    -6.10352e-16    1.91869e-09    -1.27849e-16    
23    1e+11    1e+11    6.98218e-07    -4.57764e-16    4.73596e-09    7.67095e-16    
24    1e+11    1e+11    9.67786e-07    -1.83105e-15    8.97513e-09    3.83548e-16    
25    1e+11    1e+11    1.23263e-06    1.83105e-15    1.51559e-08    6.39246e-16    
26    1e+11    1e+11    1.53052e-06    -1.37329e-15    2.31143e-08    7.67095e-16    
27    1e+11    1e+11    1.87982e-06    1.83105e-15    3.29003e-08    1.40634e-15    
28    1e+11    1e+11    2.25848e-06    -7.62939e-16    4.49723e-08    -1.02279e-15    
29    1e+11    1e+11    2.6581e-06    6.10352e-16    5.94077e-08    -3.83548e-16    
30    1e+11    1e+11    3.10806e-06    -2.13623e-15    7.62467e-08    1.15064e-15    
31    1e+11    1e+11    3.57839e-06    1.83105e-15    9.3217e-08    1.40634e-15    
32    1e+11    1e+11    3.98614e-06    4.57764e-16    1.08433e-07    1.66204e-15    
33    1e+11    1e+11    4.35557e-06    4.57764e-16    1.20958e-07    1.66204e-15    
34    1e+11    1e+11    4.6841e-06    1.2207e-15    1.28032e-07    -8.94944e-16    
35    1.00001e+11    1e+11    5.04666e-06    1.52588e-16    1.2743e-07    1.02279e-15    
36    1.00001e+11    1e+11    5.40088e-06    -9.15527e-16    1.15745e-07    1.27849e-16    
37    1.00001e+11    1e+11    5.73794e-06    -2.13623e-15    8.81898e-08    7.67095e-16    
38    1.00001e+11    1e+11    5.98108e-06    -1.06812e-15    4.07269e-08    -1.78989e-15    
39    1.00001e+11    1e+11    6.1654e-06    -1.37329e-15    -2.96752e-08    0    
40    1.00001e+11    1e+11    6.37963e-06    9.15527e-16    -1.29088e-07    2.55698e-16    
41    1.00001e+11    1e+11    6.60314e-06    -2.13623e-15    -2.56324e-07    1.02279e-15    
42    1.00001e+11    1e+11    6.78443e-06    -2.28882e-15    -4.30879e-07    1.27849e-16    
43    1.00001e+11    1e+11    6.99216e-06    1.52588e-16    -6.45482e-07    -1.02279e-15    
44    1.00001e+11    1e+11    7.13672e-06    1.52588e-16    -9.07615e-07    -1.66204e-15    
45    1.00001e+11    1e+11    7.28129e-06    7.62939e-16    -1.20622e-06    0    
46    1.00001e+11    1e+11    7.50116e-06    1.52588e-16    -1.53268e-06    -2.55698e-16    
47    1.00001e+11    1e+11    7.73742e-06    -1.67847e-15    -1.91024e-06    -3.83548e-16    
48    1.00001e+11    1e+11    8.04159e-06    -2.44141e-15    -2.35075e-06    -6.39246e-16    
49    1.00001e+11    1e+11    8.40124e-06    -1.52588e-16    -2.84098e-06    0    
50    1.00001e+11    1e+11    8.8706e-06    2.13623e-15    -3.38195e-06    -1.27849e-16    
51    1.00001e+11    1e+11    9.28557e-06    -1.67847e-15    -3.87328e-06    -1.27849e-16    
52    1.00001e+11    1e+11    9.62081e-06    3.05176e-16    -4.34339e-06    -3.83548e-16    
53    1.00001e+11    1e+11    1.00092e-05    1.52588e-16    -4.76521e-06    6.39246e-16    
54    1.00001e+11    1e+11    1.04592e-05    -1.83105e-15    -5.12214e-06    3.83548e-16    
55    1.00001e+11    1e+11    1.09468e-05    -1.06812e-15    -5.35099e-06    -6.39246e-16    
56    1.00001e+11    1e+11    1.13383e-05    4.57764e-16    -5.40248e-06    -7.67095e-16    
57    1.00001e+11    1e+11    1.15953e-05    1.52588e-16    -5.15594e-06    1.15064e-15    
58    1.00001e+11    1e+11    1.18391e-05    -2.28882e-15    -4.54971e-06    7.67095e-16    
59    1.00001e+11    1e+11    1.20298e-05    -2.13623e-15    -3.60277e-06    1.66204e-15    
60    1.00001e+11    1e+11    1.21103e-05    -2.89917e-15    -2.20088e-06    6.39246e-16    
61    1.00001e+11    1e+11    1.21367e-05    -4.57764e-16    -1.39058e-07    1.15064e-15    
62    1.00001e+11    1e+11    1.21321e-05    1.52588e-16    2.65766e-06    -7.67095e-16    
63    1.00001e+11    1e+11    1.21531e-05    2.13623e-15    6.48622e-06    1.27849e-15    
64    1.00001e+11    1e+11    1.21376e-05    -2.28882e-15    1.1388e-05    0    
65    1.00001e+11    1e+11    1.21435e-05    -1.67847e-15    1.7565e-05    1.27849e-16    
66    1.00001e+11    1e+11    1.21326e-05    -4.57764e-16    2.52144e-05    1.27849e-16    
67    1.00001e+11    1e+11    1.21048e-05    -7.62939e-16    3.44832e-05    -1.15064e-15    
68    1.00001e+11    1e+11    1.21459e-05    2.13623e-15    4.55792e-05    7.67095e-16    
69    1.00001e+11    1e+11    1.22226e-05    -1.2207e-15    5.88121e-05    8.94944e-16    
70    1.00001e+11    1e+11    1.21961e-05    -7.62939e-16    7.43343e-05    3.83548e-16    
71    1.00001e+11    1e+11    1.21544e-05    -4.57764e-16    9.24755e-05    -2.30129e-15    
72    1.00001e+11    1e+11    1.21719e-05    1.37329e-15    0.000113274    1.15064e-15    
73    1.00001e+11    1e+11    1.21753e-05    -4.57764e-16    0.000137102    7.67095e-16    
74    1.00001e+11    1e+11    1.20847e-05    -1.52588e-15    0.000164274    -1.15064e-15    
75    1.00001e+11    1e+11    1.17382e-05    -2.74658e-15    0.000194561    -1.27849e-16    
76    1.00001e+11    1e+11    1.12774e-05    -1.52588e-15    0.00022817    2.55698e-16    
77    1.00001e+11    1e+11    1.08495e-05    0    0.000265024    8.94944e-16    
78    1.00001e+11    1e+11    1.03489e-05    0    0.000305323    -1.02279e-15    
79    1.00001e+11    1e+11    9.72715e-06    -7.62939e-16    0.000349123    5.11397e-16    
80    1.00001e+11    1e+11    8.96902e-06    -2.13623e-15    0.000396171    -3.83548e-16    
81    1.00001e+11    1e+11    8.01373e-06    -1.2207e-15    0.000446248    -6.39246e-16    
82    1.00001e+11    1e+11    6.82412e-06    -4.57764e-16    0.000499078    1.02279e-15    
83    1.00001e+11    1e+11    5.45085e-06    1.52588e-15    0.000554019    -7.67095e-16    
84    1e+11    1e+11    4.19378e-06    -9.15527e-16    0.000610952    5.11397e-16    
85    1e+11    1e+11    2.92003e-06    -1.52588e-16    0.000669247    -3.83548e-16    
86    1e+11    1e+11    1.6331e-06    7.62939e-16    0.000728536    2.04559e-15    
87    1e+11    1e+11    2.40694e-07    2.28882e-15    0.000788075    -2.04559e-15    
88    9.99999e+10    1e+11    -1.42167e-06    1.06812e-15    0.000845362    -8.94944e-16    
89    9.99997e+10    1e+11    -2.9962e-06    1.52588e-16    0.000900909    -1.27849e-16    
90    9.99995e+10    1e+11    -5.05875e-06    -2.59399e-15    0.000953568    0    
91    9.99993e+10    1e+11    -7.20964e-06    -1.52588e-16    0.00100385    5.11397e-16    
92    9.99991e+10    1e+11    -9.17024e-06    -2.59399e-15    0.00105165    1.27849e-16    
93    9.99989e+10    1e+11    -1.14466e-05    -4.57764e-16    0.00109263    1.27849e-15    
94    9.99986e+10    1e+11    -1.37252e-05    6.10352e-16    0.00112573    -1.02279e-15    
95    9.99984e+10    1e+11    -1.60838e-05    -3.05176e-16    0.00114859    7.67095e-16    
96    9.99982e+10    1e+11    -1.84273e-05    3.05176e-16    0.00116041    1.53419e-15    
97    9.99979e+10    1e+11    -2.06781e-05    -4.57764e-16    0.00116332    3.83548e-16    
98    9.99977e+10    1e+11    -2.32466e-05    -1.83105e-15    0.00115293    1.02279e-15    
99    9.99974e+10    1e+11    -2.56829e-05    1.2207e-15    0.00113124    1.02279e-15    
100    9.99972e+10    1e+11    -2.83217e-05    1.06812e-15    0.00109911    7.67095e-16    
101    9.99969e+10    1e+11    -3.11942e-05    3.05176e-16    0.00105306    -3.83548e-16    
102    9.99966e+10    1e+11    -3.41191e-05    -1.83105e-15    0.000989824    1.78989e-15    
103    9.99963e+10    1e+11    -3.68934e-05    -4.57764e-16    0.000908597    -8.94944e-16    
104    9.99961e+10    1e+11    -3.93342e-05    0    0.000808989    1.78989e-15    
105    9.99958e+10    1e+11    -4.18143e-05    -1.83105e-15    0.000690778    7.67095e-16    
106    9.99956e+10    1e+11    -4.42042e-05    -2.28882e-15    0.00055913    -1.27849e-16    
107    9.99954e+10    1e+11    -4.63046e-05    -1.83105e-15    0.000417061    -7.67095e-16    
108    9.99952e+10    1e+11    -4.77621e-05    -1.52588e-15    0.000263148    8.94944e-16    
109    9.99952e+10    1e+11    -4.81621e-05    -2.28882e-15    9.38334e-05    -5.11397e-16    
110    9.99952e+10    1e+11    -4.8086e-05    -7.62939e-16    -9.23921e-05    1.02279e-15    
111    9.99952e+10    1e+11    -4.79016e-05    -1.98364e-15    -0.000294809    2.55698e-16    
112    9.99953e+10    1e+11    -4.74442e-05    -9.15527e-16    -0.000504171    5.11397e-16    
113    9.99954e+10    1e+11    -4.6433e-05    -1.52588e-16    -0.000717835    8.94944e-16    
114    9.99955e+10    1e+11    -4.50761e-05    -1.06812e-15    -0.000929521    -3.06838e-15    
115    9.99956e+10    1e+11    -4.35576e-05    1.06812e-15    -0.00114322    -1.27849e-16    
116    9.99958e+10    1e+11    -4.17763e-05    -2.74658e-15    -0.0013628    -1.53419e-15    
117    9.9996e+10    1e+11    -3.98176e-05    1.52588e-16    -0.00158638    -5.11397e-16    
118    9.99962e+10    1e+11    -3.78627e-05    -1.52588e-16    -0.00180772    -7.67095e-16    
119    9.99964e+10    1e+11    -3.59106e-05    7.62939e-16    -0.00202913    7.67095e-16    
120    9.99966e+10    1e+11    -3.39441e-05    -1.2207e-15    -0.00224241    6.39246e-16    
121    9.99968e+10    1e+11    -3.16902e-05    1.83105e-15    -0.00243792    2.55698e-15    
122    9.9997e+10    1e+11    -2.95969e-05    -1.52588e-16    -0.00262227    -7.67095e-16    
123    9.99973e+10    1e+11    -2.74728e-05    -3.05176e-16    -0.00279404    -6.39246e-16    
124    9.99974e+10    1e+11    -2.57641e-05    1.06812e-15    -0.00296124    -1.27849e-15    
125    9.99976e+10    1e+11    -2.4152e-05    6.10352e-16    -0.00311609    -2.55698e-16    
126    9.99977e+10    1e+11    -2.25905e-05    7.62939e-16    -0.0032586    0    
127    9.99979e+10    1e+11    -2.12337e-05    1.06812e-15    -0.00338801    3.83548e-16    
128    9.9998e+10    1e+11    -1.98366e-05    -2.28882e-15    -0.00349527    2.04559e-15    
129    9.99982e+10    1e+11    -1.84961e-05    -7.62939e-16    -0.00358048    8.94944e-16    
130    9.99983e+10    1e+11    -1.73215e-05    -3.8147e-15    -0.00364659    1.91774e-15    
131    9.99984e+10    1e+11    -1.64303e-05    -2.74658e-15    -0.00369951    -5.11397e-16    
132    9.99984e+10    1e+11    -1.57492e-05    1.83105e-15    -0.00373544    -3.83548e-16    
133    9.99985e+10    1e+11    -1.52286e-05    -1.67847e-15    -0.00375546    1.91774e-15    
134    9.99985e+10    1e+11    -1.48411e-05    -1.2207e-15    -0.00375886    1.40634e-15    
135    9.99985e+10    1e+11    -1.4585e-05    1.2207e-15    -0.00374706    1.78989e-15    
136    9.99986e+10    1e+11    -1.42385e-05    -1.52588e-15    -0.00371433    -7.67095e-16    
137    9.99986e+10    1e+11    -1.37994e-05    -1.2207e-15    -0.00366121    -1.53419e-15    
138    9.99987e+10    1e+11    -1.34155e-05    7.62939e-16    -0.00359207    4.09117e-15    
139    9.99987e+10    1e+11    -1.31072e-05    -1.67847e-15    -0.00351048    2.55698e-16    
140    9.99987e+10    1e+11    -1.28827e-05    -6.10352e-16    -0.00341417    3.83548e-16    
141    9.99987e+10    1e+11    -1.27258e-05    1.52588e-16    -0.00330432    2.17344e-15    
142    9.99987e+10    1e+11    -1.26041e-05    4.57764e-16    -0.00318162    2.42914e-15    
143    9.99988e+10    1e+11    -1.25003e-05    3.05176e-16    -0.0030467    0    
144    9.99988e+10    1e+11    -1.24277e-05    -7.62939e-16    -0.00290139    -2.55698e-16    
145    9.99988e+10    1e+11    -1.23815e-05    -1.2207e-15    -0.00274731    -1.02279e-15    
146    9.99988e+10    1e+11    -1.23378e-05    -1.2207e-15    -0.00258584    -6.39246e-16    
147    9.99988e+10    1e+11    -1.22993e-05    -1.06812e-15    -0.00241667    1.40634e-15    
148    9.99988e+10    1e+11    -1.23661e-05    -7.62939e-16    -0.00224325    -3.45193e-15    
149    9.99987e+10    1e+11    -1.26133e-05    -3.96729e-15    -0.00206721    1.15064e-15    
150    9.99987e+10    1e+11    -1.28848e-05    -1.2207e-15    -0.00188478    -6.39246e-16    
151    9.99987e+10    1e+11    -1.32219e-05    1.2207e-15    -0.00169716    7.67095e-16    
152    9.99986e+10    1e+11    -1.36982e-05    -1.2207e-15    -0.00150691    2.81268e-15    
153    9.99986e+10    1e+11    -1.42468e-05    -7.62939e-16    -0.00131635    -1.27849e-16    
154    9.99985e+10    1e+11    -1.49568e-05    -2.44141e-15    -0.00112896    1.27849e-15    
155    9.99984e+10    1e+11    -1.58867e-05    7.62939e-16    -0.000946197    1.53419e-15    
156    9.99983e+10    1e+11    -1.69039e-05    9.15527e-16    -0.000767848    -1.91774e-15    
157    9.99982e+10    1e+11    -1.8266e-05    -2.13623e-15    -0.000598909    -3.83548e-16    
158    9.9998e+10    1e+11    -1.99659e-05    1.52588e-16    -0.000436475    -1.27849e-16    
159    9.99978e+10    1e+11    -2.16852e-05    -1.67847e-15    -0.00027029    1.53419e-15    
160    9.99977e+10    1e+11    -2.26163e-05    3.05176e-16    -8.95578e-05    -3.83548e-16    
161    9.99977e+10    1e+11    -2.31988e-05    1.67847e-15    8.93735e-05    6.39246e-16    
162    9.99976e+10    1e+11    -2.40589e-05    -4.57764e-16    0.000251384    1.53419e-15    
163    9.99975e+10    1e+11    -2.48498e-05    -4.57764e-16    0.000394309    1.66204e-15    
164    9.99974e+10    1e+11    -2.59284e-05    0    0.000512858    6.39246e-16    
165    9.99973e+10    1e+11    -2.70795e-05    1.52588e-16    0.0006247    2.94053e-15    
166    9.99972e+10    1e+11    -2.83294e-05    -3.05176e-16    0.000727211    -1.15064e-15    
167    9.99971e+10    1e+11    -2.94938e-05    -1.67847e-15    0.000823831    -6.39246e-16    
168    9.9997e+10    1e+11    -3.04652e-05    -3.05176e-16    0.000913583    0    
169    9.99969e+10    1e+11    -3.12409e-05    0    0.000988304    -8.94944e-16    
170    9.99968e+10    1e+11    -3.17766e-05    0    0.0010495    1.27849e-15    
171    9.99968e+10    1e+11    -3.21166e-05    -6.10352e-16    0.0010994    -1.40634e-15    
172    9.99968e+10    1e+11    -3.20891e-05    -2.28882e-15    0.00114516    8.94944e-16    
173    9.99968e+10    1e+11    -3.16785e-05    -1.2207e-15    0.0011866    0    
174    9.99969e+10    1e+11    -3.09103e-05    -1.83105e-15    0.00122076    3.83548e-16    
175    9.9997e+10    1e+11    -2.99686e-05    -4.57764e-16    0.00124037    1.15064e-15    
176    9.99971e+10    1e+11    -2.88508e-05    -1.98364e-15    0.00124619    7.67095e-16    
177    9.99972e+10    1e+11    -2.75717e-05    1.2207e-15    0.00123975    -3.32408e-15    
178    9.99974e+10    1e+11    -2.6164e-05    2.28882e-15    0.00122334    -6.39246e-16    
179    9.99975e+10    1e+11    -2.46075e-05    -3.05176e-16    0.00120298    2.30129e-15    
180    9.99977e+10    1e+11    -2.28939e-05    -1.2207e-15    0.00117996    7.67095e-16    
181    9.99979e+10    1e+11    -2.11234e-05    0    0.00115051    -3.83548e-16    
182    9.99981e+10    1e+11    -1.92536e-05    -3.50952e-15    0.00111275    -1.53419e-15    
183    9.99983e+10    1e+11    -1.75037e-05    -2.13623e-15    0.00106882    -3.83548e-16    
184    9.99984e+10    1e+11    -1.58215e-05    -7.62939e-16    0.00101817    3.19623e-15    
185    9.99986e+10    1e+11    -1.3985e-05    -1.98364e-15    0.000963728    2.55698e-16    
186    9.99988e+10    1e+11    -1.22671e-05    0    0.000906691    -2.55698e-16    
187    9.99989e+10    1e+11    -1.05442e-05    1.06812e-15    0.000850947    3.83548e-16    
188    9.99991e+10    1e+11    -8.70048e-06    -3.05176e-16    0.000794372    3.83548e-16    
189    9.99993e+10    1e+11    -6.86929e-06    4.57764e-16    0.000736612    0    
190    9.99995e+10    1e+11    -5.1308e-06    0    0.000679362    -1.78989e-15    
191    9.99997e+10    1e+11    -3.45517e-06    -4.57764e-16    0.000621607    0    
192    9.99998e+10    1e+11    -1.8461e-06    -1.52588e-15    0.000562858    1.27849e-15    
193    1e+11    1e+11    -4.56049e-07    -1.2207e-15    0.000504198    1.27849e-15    
194    1e+11    1e+11    1.05673e-06    0    0.000447507    1.15064e-15    
195    1e+11    1e+11    2.40861e-06    -1.37329e-15    0.000393994    1.53419e-15    
196    1e+11    1e+11    3.72311e-06    1.98364e-15    0.000344463    2.04559e-15    
197    1e+11    1e+11    4.97508e-06    2.59399e-15    0.00029883    7.67095e-16    
198    1.00001e+11    1e+11    6.20321e-06    -1.37329e-15    0.000256371    -5.11397e-16    
199    1.00001e+11    1e+11    7.19878e-06    1.52588e-16    0.000215553    6.39246e-16    
200    1.00001e+11    1e+11    8.13696e-06    9.15527e-16    0.000177582    2.42914e-15    
201    1.00001e+11    1e+11    8.94601e-06    1.2207e-15    0.000142204    8.94944e-16    
202    1.00001e+11    1e+11    9.71785e-06    9.15527e-16    0.000110252    -1.27849e-16    
203    1.00001e+11    1e+11    1.04202e-05    -1.52588e-15    8.13854e-05    1.53419e-15    
204    1.00001e+11    1e+11    1.10614e-05    -2.44141e-15    5.59799e-05    7.67095e-16    
205    1.00001e+11    1e+11    1.16632e-05    -9.15527e-16    3.3822e-05    1.27849e-16    
206    1.00001e+11    1e+11    1.20873e-05    -3.66211e-15    1.41133e-05    -1.53419e-15    
207    1.00001e+11    1e+11    1.23955e-05    -1.2207e-15    -2.97337e-06    1.66204e-15    
208    1.00001e+11    1e+11    1.26908e-05    -1.67847e-15    -1.73365e-05    1.91774e-15    
209    1.00001e+11    1e+11    1.29543e-05    -6.10352e-16    -2.91695e-05    -1.02279e-15    
210    1.00001e+11    1e+11    1.31246e-05    -1.06812e-15    -3.89743e-05    3.83548e-16    
211    1.00001e+11    1e+11    1.31959e-05    -1.06812e-15    -4.70247e-05    3.06838e-15    
212    1.00001e+11    1e+11    1.31825e-05    -7.62939e-16    -5.34002e-05    1.66204e-15    
213    1.00001e+11    1e+11    1.31578e-05    1.52588e-16    -5.81451e-05    5.11397e-16    
214    1.00001e+11    1e+11    1.30697e-05    -9.15527e-16    -6.15965e-05    2.55698e-16    
215    1.00001e+11    1e+11    1.29542e-05    1.06812e-15    -6.39384e-05    -2.55698e-16    
216    1.00001e+11    1e+11    1.28463e-05    -1.2207e-15    -6.53145e-05    1.53419e-15    
217    1.00001e+11    1e+11    1.27826e-05    1.67847e-15    -6.57524e-05    -2.55698e-16    
218    1.00001e+11    1e+11    1.27973e-05    -1.67847e-15    -6.55184e-05    1.40634e-15    
219    1.00001e+11    1e+11    1.28337e-05    -4.57764e-16    -6.46806e-05    3.19623e-15    
220    1.00001e+11    1e+11    1.28611e-05    -4.57764e-16    -6.33231e-05    1.02279e-15    
221    1.00001e+11    1e+11    1.28837e-05    4.57764e-16    -6.15804e-05    -2.04559e-15    
222    1.00001e+11    1e+11    1.29138e-05    4.57764e-16    -5.94873e-05    6.39246e-16    
223    1.00001e+11    1e+11    1.29351e-05    -2.74658e-15    -5.71412e-05    1.78989e-15    
224    1.00001e+11    1e+11    1.28859e-05    0    -5.45977e-05    -5.11397e-16    
225    1.00001e+11    1e+11    1.27517e-05    -1.67847e-15    -5.19925e-05    7.67095e-16    
226    1.00001e+11    1e+11    1.25326e-05    -4.57764e-16    -4.9322e-05    -7.67095e-16    
227    1.00001e+11    1e+11    1.22556e-05    -2.13623e-15    -4.66178e-05    8.94944e-16    
228    1.00001e+11    1e+11    1.19116e-05    1.52588e-16    -4.38994e-05    4.34687e-15    
229    1.00001e+11    1e+11    1.15747e-05    -2.28882e-15    -4.1237e-05    -1.27849e-15    
230    1.00001e+11    1e+11    1.12194e-05    1.2207e-15    -3.86427e-05    8.94944e-16    
231    1.00001e+11    1e+11    1.08377e-05    6.10352e-16    -3.61203e-05    -7.67095e-16    
232    1.00001e+11    1e+11    1.03878e-05    -1.37329e-15    -3.3676e-05    -2.94053e-15    
233    1.00001e+11    1e+11    9.96487e-06    -6.10352e-16    -3.13372e-05    -1.78989e-15    
234    1.00001e+11    1e+11    9.61639e-06    -1.67847e-15    -2.91145e-05    1.15064e-15    
235    1.00001e+11    1e+11    9.30957e-06    6.10352e-16    -2.70087e-05    6.39246e-16    
236    1.00001e+11    1e+11    9.06086e-06    -1.2207e-15    -2.50202e-05    1.15064e-15    
237    1.00001e+11    1e+11    8.8601e-06    -4.57764e-16    -2.31474e-05    -1.91774e-15    
238    1.00001e+11    1e+11    8.71326e-06    3.05176e-16    -2.13926e-05    -6.39246e-16    
239    1.00001e+11    1e+11    8.56732e-06    -3.05176e-16    -1.97474e-05    -2.68483e-15    
240    1.00001e+11    1e+11    8.41844e-06    1.2207e-15    -1.82153e-05    -5.11397e-16    
241    1.00001e+11    1e+11    8.2608e-06    9.15527e-16    -1.67905e-05    1.27849e-16    
242    1.00001e+11    1e+11    8.10739e-06    -4.57764e-16    -1.54744e-05    -3.32408e-15    
243    1.00001e+11    1e+11    7.94738e-06    -2.13623e-15    -1.42549e-05    -7.67095e-16    
244    1.00001e+11    1e+11    7.83802e-06    -9.15527e-16    -1.31324e-05    -1.15064e-15    
245    1.00001e+11    1e+11    7.71069e-06    1.52588e-16    -1.21029e-05    3.19623e-15    
246    1.00001e+11    1e+11    7.5793e-06    -9.15527e-16    -1.11465e-05    2.68483e-15    
247    1.00001e+11    1e+11    7.42982e-06    -1.98364e-15    -1.02743e-05    2.30129e-15    
248    1.00001e+11    1e+11    7.24856e-06    -2.13623e-15    -9.46956e-06    -1.66204e-15    
249    1.00001e+11    1e+11    7.04318e-06    -3.05176e-16    -8.73483e-06    1.78989e-15    
250    1.00001e+11    1e+11    6.79834e-06    -9.15527e-16    -8.07077e-06    1.40634e-15    
251    1.00001e+11    1e+11    6.50731e-06    1.67847e-15    -7.47609e-06    -2.04559e-15    
252    1.00001e+11    1e+11    6.20546e-06    7.62939e-16    -6.94718e-06    -1.78989e-15    
253    1.00001e+11    1e+11    5.94681e-06    -9.15527e-16    -6.46733e-06    1.40634e-15    
254    1.00001e+11    1e+11    5.72413e-06    -1.37329e-15    -6.03291e-06    8.94944e-16    
255    1.00001e+11    1e+11    5.52298e-06    9.15527e-16    -5.63536e-06    -7.67095e-16    
256    1.00001e+11    1e+11    5.21845e-06    4.57764e-16    -5.26912e-06    1.02279e-15    
257    1e+11    1e+11    4.82375e-06    7.62939e-16    -4.94076e-06    7.67095e-16    
258    1e+11    1e+11    4.41201e-06    -1.06812e-15    -4.64506e-06    2.04559e-15    
259    1e+11    1e+11    4.06517e-06    7.62939e-16    -4.38336e-06    6.39246e-16    
260    1e+11    1e+11    3.78408e-06    0    -4.15155e-06    -1.02279e-15    
261    1e+11    1e+11    3.55923e-06    1.52588e-16    -3.94456e-06    -7.67095e-16    
262    1e+11    1e+11    3.3362e-06    1.52588e-16    -3.75634e-06    -2.55698e-16    
263    1e+11    1e+11    3.08657e-06    2.59399e-15    -3.58546e-06    -3.06838e-15    
264    1e+11    1e+11    2.81084e-06    9.15527e-16    -3.43009e-06    1.15064e-15    
265    1e+11    1e+11    2.51387e-06    -1.06812e-15    -3.28902e-06    3.83548e-16    
266    1e+11    1e+11    2.2195e-06    -7.62939e-16    -3.1586e-06    2.55698e-16    
267    1e+11    1e+11    1.93175e-06    0    -3.03574e-06    1.53419e-15    
268    1e+11    1e+11    1.65924e-06    -1.06812e-15    -2.9186e-06    3.83548e-16    
269    1e+11    1e+11    1.42692e-06    -4.57764e-16    -2.806e-06    2.17344e-15    
270    1e+11    1e+11    1.23515e-06    -1.52588e-15    -2.69639e-06    1.15064e-15    
271    1e+11    1e+11    1.09045e-06    -1.2207e-15    -2.58684e-06    -1.66204e-15    
272    1e+11    1e+11    9.67881e-07    1.2207e-15    -2.47352e-06    -1.53419e-15    
273    1e+11    1e+11    8.40343e-07    -1.2207e-15    -2.35513e-06    1.40634e-15    
274    1e+11    1e+11    7.28051e-07    3.05176e-16    -2.22742e-06    0    
275    1e+11    1e+11    6.1898e-07    -1.06812e-15    -2.08641e-06    0    
276    1e+11    1e+11    5.20852e-07    -6.10352e-16    -1.93241e-06    -1.27849e-16    
277    1e+11    1e+11    4.12365e-07    -2.28882e-15    -1.76536e-06    7.67095e-16    
278    1e+11    1e+11    2.95246e-07    6.10352e-16    -1.58126e-06    1.27849e-16    
279    1e+11    1e+11    2.03774e-07    -9.15527e-16    -1.37901e-06    -1.02279e-15    
280    1e+11    1e+11    1.44164e-07    2.28882e-15    -1.15538e-06    1.66204e-15    
281    1e+11    1e+11    9.82449e-08    3.05176e-16    -9.08076e-07    -2.55698e-16    
282    1e+11    1e+11    7.81847e-08    -2.28882e-15    -6.2937e-07    -1.78989e-15    
283    1e+11    1e+11    5.85641e-08    3.05176e-16    -3.18658e-07    1.40634e-15    
284    1e+11    1e+11    5.92348e-08    0    2.57118e-08    -2.81268e-15    
285    1e+11    1e+11    7.4478e-08    -4.42505e-15    4.00314e-07    1.27849e-16    
286    1e+11    1e+11    8.51727e-08    -6.10352e-16    8.06412e-07    0    
287    1e+11    1e+11    9.37777e-08    -1.52588e-16    1.25124e-06    -1.66204e-15    
288    1e+11    1e+11    5.86518e-08    0    1.73397e-06    2.04559e-15    
289    1e+11    1e+11    -3.83659e-09    1.37329e-15    2.26179e-06    2.55698e-15    
290    1e+11    1e+11    -7.87234e-08    -1.67847e-15    2.82584e-06    8.94944e-16    
291    1e+11    1e+11    -2.05852e-07    -3.05176e-16    3.429e-06    5.11397e-16    
292    1e+11    1e+11    -3.76767e-07    2.74658e-15    4.06437e-06    -5.11397e-16    
293    9.99999e+10    1e+11    -5.64356e-07    -1.83105e-15    4.7324e-06    -1.15064e-15    
294    9.99999e+10    1e+11    -7.27333e-07    -1.06812e-15    5.43385e-06    -1.40634e-15    
295    9.99999e+10    1e+11    -8.52266e-07    1.52588e-16    6.1715e-06    -2.68483e-15    
296    9.99999e+10    1e+11    -9.61681e-07    -3.05176e-16    6.94783e-06    -2.55698e-16    
297    9.99999e+10    1e+11    -1.0784e-06    -1.37329e-15    7.75431e-06    6.39246e-16    
298    9.99999e+10    1e+11    -1.20567e-06    -1.52588e-15    8.58925e-06    1.66204e-15    
299    9.99999e+10    1e+11    -1.36187e-06    -1.37329e-15    9.44491e-06    7.67095e-16    
300    9.99998e+10    1e+11    -1.55061e-06    3.05176e-16    1.0319e-05    -2.55698e-16    
301    9.99998e+10    1e+11    -1.77487e-06    4.57764e-16    1.12076e-05    1.27849e-15    
302    9.99998e+10    1e+11    -1.99203e-06    0    1.21049e-05    -5.11397e-16    
303    9.99998e+10    1e+11    -2.22193e-06    -1.52588e-16    1.30039e-05    -2.55698e-16    
304    9.99998e+10    1e+11    -2.51012e-06    -2.28882e-15    1.38991e-05    1.27849e-16    
305    9.99997e+10    1e+11    -2.80626e-06    3.05176e-16    1.47795e-05    0    
306    9.99997e+10    1e+11    -3.12641e-06    7.62939e-16    1.56196e-05    1.15064e-15    
307    9.99997e+10    1e+11    -3.48217e-06    -1.37329e-15    1.64144e-05    -1.66204e-15    
308    9.99996e+10    1e+11    -3.82995e-06    -1.06812e-15    1.71587e-05    3.83548e-16    
309    9.99996e+10    1e+11    -4.23755e-06    -3.05176e-15    1.78337e-05    -1.91774e-15    
310    9.99995e+10    1e+11    -4.60997e-06    0    1.84225e-05    3.83548e-16    
311    9.99995e+10    1e+11    -5.0238e-06    1.67847e-15    1.89152e-05    -1.53419e-15    
312    9.99995e+10    1e+11    -5.4288e-06    1.67847e-15    1.92907e-05    2.04559e-15    
313    9.99994e+10    1e+11    -5.8073e-06    3.05176e-16    1.95387e-05    2.94053e-15    
314    9.99994e+10    1e+11    -6.13815e-06    -9.15527e-16    1.96425e-05    -1.02279e-15    
315    9.99994e+10    1e+11    -6.41492e-06    2.13623e-15    1.95658e-05    5.11397e-16    
316    9.99993e+10    1e+11    -6.63068e-06    -2.74658e-15    1.93025e-05    0    
317    9.99993e+10    1e+11    -6.86898e-06    6.10352e-16    1.88304e-05    1.91774e-15    
318    9.99993e+10    1e+11    -7.09093e-06    1.06812e-15    1.8135e-05    3.83548e-16    
319    9.99993e+10    1e+11    -7.27789e-06    3.05176e-16    1.71721e-05    1.02279e-15    
320    9.99993e+10    1e+11    -7.41874e-06    -3.35693e-15    1.5916e-05    -1.27849e-16    
321    9.99992e+10    1e+11    -7.52081e-06    9.15527e-16    1.43492e-05    5.11397e-16    
322    9.99992e+10    1e+11    -7.61558e-06    -1.37329e-15    1.24447e-05    6.39246e-16    
323    9.99992e+10    1e+11    -7.72974e-06    -2.59399e-15    1.0184e-05    -7.67095e-16    
324    9.99992e+10    1e+11    -7.86663e-06    9.15527e-16    7.52124e-06    3.19623e-15    
325    9.99992e+10    1e+11    -7.99451e-06    3.05176e-16    4.42652e-06    -1.15064e-15    
326    9.99992e+10    1e+11    -8.09764e-06    -7.62939e-16    8.62785e-07    -3.83548e-16    
327    9.99992e+10    1e+11    -8.18484e-06    -2.28882e-15    -3.1943e-06    -2.55698e-16    
328    9.99992e+10    1e+11    -8.30349e-06    7.62939e-16    -7.79634e-06    -2.55698e-16    
329    9.99992e+10    1e+11    -8.45125e-06    4.57764e-16    -1.30099e-05    -5.11397e-16    
330    9.99991e+10    1e+11    -8.61618e-06    -1.52588e-16    -1.88545e-05    -1.02279e-15    
331    9.99991e+10    1e+11    -8.83071e-06    1.67847e-15    -2.53473e-05    -2.04559e-15    
332    9.99991e+10    1e+11    -9.08807e-06    7.62939e-16    -3.25608e-05    -1.66204e-15    
333    9.99991e+10    1e+11    -9.32219e-06    1.83105e-15    -4.05281e-05    -1.78989e-15    
334    9.9999e+10    1e+11    -9.61392e-06    9.15527e-16    -4.92976e-05    -1.02279e-15    
335    9.9999e+10    1e+11    -9.95198e-06    -3.05176e-16    -5.89161e-05    1.15064e-15    
336    9.9999e+10    1e+11    -1.03071e-05    -7.62939e-16    -6.93791e-05    3.06838e-15    
337    9.99989e+10    1e+11    -1.07003e-05    -3.05176e-16    -8.08256e-05    7.67095e-16    
338    9.99989e+10    1e+11    -1.11369e-05    -6.10352e-16    -9.33278e-05    1.02279e-15    
339    9.99988e+10    1e+11    -1.1518e-05    -1.67847e-15    -0.000107001    -6.39246e-16    
340    9.99988e+10    1e+11    -1.18647e-05    1.2207e-15    -0.000121822    -1.15064e-15    
341    9.99988e+10    1e+11    -1.20826e-05    -3.05176e-15    -0.000137963    1.02279e-15    
342    9.99988e+10    1e+11    -1.22357e-05    -1.67847e-15    -0.000155566    3.06838e-15    
343    9.99988e+10    1e+11    -1.23109e-05    -1.52588e-16    -0.000174574    -3.83548e-16    
344    9.99988e+10    1e+11    -1.22975e-05    -9.15527e-16    -0.000195095    -2.94053e-15    
345    9.99988e+10    1e+11    -1.22619e-05    6.10352e-16    -0.000217291    -7.67095e-16    
346    9.99988e+10    1e+11    -1.21968e-05    4.57764e-16    -0.000241166    2.81268e-15    
347    9.99988e+10    1e+11    -1.2095e-05    9.15527e-16    -0.000266655    -2.55698e-16    
348    9.99988e+10    1e+11    -1.19683e-05    -1.52588e-15    -0.000293791    3.06838e-15    
349    9.99988e+10    1e+11    -1.19303e-05    9.15527e-16    -0.000322749    -5.11397e-16    
350    9.99988e+10    1e+11    -1.18834e-05    -2.28882e-15    -0.000353701    1.15064e-15    
351    9.99988e+10    1e+11    -1.18521e-05    0    -0.000386619    -7.67095e-16    
352    9.99988e+10    1e+11    -1.17506e-05    -7.62939e-16    -0.000421438    -2.55698e-16    
353    9.99988e+10    1e+11    -1.15694e-05    -7.62939e-16    -0.000457745    -1.53419e-15    
354    9.99989e+10    1e+11    -1.12873e-05    1.67847e-15    -0.000495707    1.66204e-15    
355    9.99989e+10    1e+11    -1.09189e-05    -1.67847e-15    -0.00053536    -1.27849e-15    
356    9.9999e+10    1e+11    -1.04692e-05    -2.44141e-15    -0.000576701    -2.68483e-15    
357    9.9999e+10    1e+11    -9.8503e-06    -1.2207e-15    -0.000619693    -1.02279e-15    
358    9.99991e+10    1e+11    -9.02033e-06    -9.15527e-16    -0.000663735    2.55698e-16    
359    9.99992e+10    1e+11    -7.981e-06    0    -0.000708401    -6.39246e-16    
360    9.99993e+10    1e+11    -6.87615e-06    -1.06812e-15    -0.000753911    2.04559e-15    
361    9.99994e+10    1e+11    -5.85662e-06    -9.15527e-16    -0.000800449    1.27849e-16    
362    9.99995e+10    1e+11    -4.75093e-06    -3.05176e-15    -0.000847397    8.94944e-16    
363    9.99996e+10    1e+11    -3.53645e-06    1.06812e-15    -0.000893964    -1.78989e-15    
364    9.99998e+10    1e+11    -2.22288e-06    -3.05176e-16    -0.000940064    3.83548e-16    
365    9.99999e+10    1e+11    -9.79234e-07    -1.83105e-15    -0.000984944    -1.27849e-16    
366    1e+11    1e+11    4.14843e-07    -1.06812e-15    -0.00102807    3.06838e-15    
367    1e+11    1e+11    1.96432e-06    -9.15527e-16    -0.00106817    1.27849e-16    
368    1e+11    1e+11    3.34132e-06    9.15527e-16    -0.00110544    -7.67095e-16    
369    1e+11    1e+11    4.94527e-06    -6.10352e-16    -0.00113883    -1.78989e-15    
370    1.00001e+11    1e+11    6.8524e-06    -4.57764e-16    -0.00116793    2.55698e-15    
371    1.00001e+11    1e+11    8.58588e-06    -3.05176e-16    -0.00119361    2.55698e-16    
372    1.00001e+11    1e+11    1.03959e-05    2.44141e-15    -0.00121318    3.83548e-16    
373    1.00001e+11    1e+11    1.19166e-05    -4.57764e-16    -0.00122839    1.40634e-15    
374    1.00001e+11    1e+11    1.34013e-05    -1.83105e-15    -0.00123931    -1.27849e-15    
375    1.00002e+11    1e+11    1.50734e-05    7.62939e-16    -0.0012438    3.83548e-16    
376    1.00002e+11    1e+11    1.68035e-05    1.06812e-15    -0.00124217    2.68483e-15    
377    1.00002e+11    1e+11    1.86051e-05    -1.98364e-15    -0.00123278    8.94944e-16    
378    1.00002e+11    1e+11    2.06032e-05    -1.37329e-15    -0.00121499    -2.55698e-16    
379    1.00002e+11    1e+11    2.25704e-05    -1.52588e-15    -0.0011864    3.19623e-15    
380    1.00002e+11    1e+11    2.46861e-05    1.06812e-15    -0.00114655    -3.83548e-16    
381    1.00003e+11    1e+11    2.68082e-05    -1.83105e-15    -0.00109536    8.94944e-16    
382    1.00003e+11    1e+11    2.82882e-05    -1.83105e-15    -0.00103599    8.94944e-16    
383    1.00003e+11    1e+11    2.98461e-05    -1.52588e-15    -0.00096549    -3.83548e-16    
384    1.00003e+11    1e+11    3.10797e-05    1.98364e-15    -0.000884965    -1.27849e-16    
385    1.00003e+11    1e+11    3.24715e-05    9.15527e-16    -0.000794274    -1.66204e-15    
386    1.00003e+11    1e+11    3.39071e-05    3.05176e-16    -0.000696667    -1.27849e-16    
387    1.00004e+11    1e+11    3.50665e-05    -1.06812e-15    -0.000592315    2.55698e-15    
388    1.00004e+11    1e+11    3.59895e-05    -1.67847e-15    -0.000478622    -3.83548e-16    
389    1.00004e+11    1e+11    3.69293e-05    4.57764e-16    -0.000353945    -2.55698e-16    
390    1.00004e+11    1e+11    3.80412e-05    -9.15527e-16    -0.000216695    8.94944e-16    
391    1.00004e+11    1e+11    3.92933e-05    -7.62939e-16    -6.73858e-05    1.27849e-16    
392    1.00004e+11    1e+11    4.06324e-05    7.62939e-16    9.46982e-05    7.67095e-16    
393    1.00004e+11    1e+11    4.1759e-05    6.10352e-16    0.000264109    3.83548e-16    
394    1.00004e+11    1e+11    4.29521e-05    -1.06812e-15    0.000439091    -3.83548e-16    
395    1.00004e+11    1e+11    4.39245e-05    -1.98364e-15    0.00061819    -7.67095e-16    
396    1.00004e+11    1e+11    4.46139e-05    -1.06812e-15    0.000798821    -1.91774e-15    
397    1.00004e+11    1e+11    4.49551e-05    -6.10352e-16    0.000981951    -1.27849e-15    
398    1.00005e+11    1e+11    4.51817e-05    1.52588e-16    0.00117205    -1.53419e-15    
399    1.00005e+11    1e+11    4.53588e-05    3.05176e-16    0.00136945    1.40634e-15    
400    1.00005e+11    1e+11    4.53672e-05    -1.06812e-15    0.00157267    -7.67095e-16    
401    1.00005e+11    1e+11    4.52221e-05    -1.06812e-15    0.00177816    2.17344e-15    
402    1.00005e+11    1e+11    4.50529e-05    -1.06812e-15    0.00198435    1.40634e-15    
403    1.00004e+11    1e+11    4.48735e-05    -6.10352e-16    0.00219056    7.67095e-16    
404    1.00004e+11    1e+11    4.46254e-05    -1.83105e-15    0.0023931    1.02279e-15    
405    1.00004e+11    1e+11    4.41832e-05    1.06812e-15    0.0025855    0    
406    1.00004e+11    1e+11    4.36018e-05    -3.05176e-16    0.00277262    1.66204e-15    
407    1.00004e+11    1e+11    4.30532e-05    -3.05176e-16    0.00295813    -3.57978e-15    
408    1.00004e+11    1e+11    4.24922e-05    2.13623e-15    0.00314092    -1.40634e-15    
409    1.00004e+11    1e+11    4.18753e-05    1.67847e-15    0.00331662    -5.11397e-16    
410    1.00004e+11    1e+11    4.12397e-05    -1.67847e-15    0.00348535    -1.78989e-15    
411    1.00004e+11    1e+11    4.0542e-05    4.57764e-16    0.00364487    6.39246e-16    
412    1.00004e+11    1e+11    3.97544e-05    3.05176e-16    0.00379481    2.17344e-15    
413    1.00004e+11    1e+11    3.8808e-05    -6.10352e-16    0.0039307    0    
414    1.00004e+11    1e+11    3.77603e-05    -7.62939e-16    0.00405097    -7.67095e-16    
415    1.00004e+11    1e+11    3.67579e-05    6.10352e-16    0.0041619    -6.39246e-16    
416    1.00004e+11    1e+11    3.57094e-05    -4.57764e-16    0.00426119    2.55698e-16    
417    1.00003e+11    1e+11    3.46731e-05    -2.44141e-15    0.00434898    -3.83548e-16    
418    1.00003e+11    1e+11    3.36991e-05    -1.67847e-15    0.00442677    -6.39246e-16    
419    1.00003e+11    1e+11    3.27578e-05    -1.52588e-16    0.00449005    1.40634e-15    
420    1.00003e+11    1e+11    3.17993e-05    -2.89917e-15    0.00454076    1.78989e-15    
421    1.00003e+11    1e+11    3.07163e-05    1.52588e-16    0.00457248    -8.94944e-16    
422    1.00003e+11    1e+11    2.95754e-05    7.62939e-16    0.00458854    2.04559e-15    
423    1.00003e+11    1e+11    2.84358e-05    1.98364e-15    0.00459104    3.96333e-15    
424    1.00003e+11    1e+11    2.72757e-05    7.62939e-16    0.00457834    -2.68483e-15    
425    1.00003e+11    1e+11    2.61471e-05    3.05176e-16    0.00455245    1.27849e-15    
426    1.00003e+11    1e+11    2.51444e-05    4.57764e-16    0.00451524    6.39246e-16    
427    1.00002e+11    1e+11    2.41959e-05    -6.10352e-16    0.0044641    6.39246e-16    
428    1.00002e+11    1e+11    2.32401e-05    1.06812e-15    0.00439913    0    
429    1.00002e+11    1e+11    2.23185e-05    -1.52588e-16    0.00432323    1.78989e-15    
430    1.00002e+11    1e+11    2.13917e-05    -3.05176e-16    0.00423455    2.55698e-16    
431    1.00002e+11    1e+11    2.05402e-05    -3.05176e-16    0.00413457    -2.55698e-16    
432    1.00002e+11    1e+11    1.98283e-05    -1.83105e-15    0.00402576    5.11397e-16    
433    1.00002e+11    1e+11    1.91319e-05    -6.10352e-16    0.00390465    1.40634e-15    
434    1.00002e+11    1e+11    1.85097e-05    -6.10352e-16    0.00377447    0    
435    1.00002e+11    1e+11    1.8049e-05    1.37329e-15    0.00363634    -2.55698e-16    
436    1.00002e+11    1e+11    1.77431e-05    -1.83105e-15    0.00349038    0    
437    1.00002e+11    1e+11    1.75706e-05    1.52588e-16    0.00333606    -6.39246e-16    
438    1.00002e+11    1e+11    1.75194e-05    6.10352e-16    0.00317609    -6.39246e-16    
439    1.00002e+11    1e+11    1.75374e-05    -1.06812e-15    0.00301151    -3.83548e-16    
440    1.00002e+11    1e+11    1.7559e-05    -1.37329e-15    0.00284156    3.19623e-15    
441    1.00002e+11    1e+11    1.75598e-05    3.05176e-16    0.00266711    -1.66204e-15    
442    1.00002e+11    1e+11    1.75168e-05    -6.10352e-16    0.002489    1.02279e-15    
443    1.00002e+11    1e+11    1.75499e-05    -3.96729e-15    0.00230872    -1.15064e-15    
444    1.00002e+11    1e+11    1.77221e-05    -6.10352e-16    0.00212724    -2.42914e-15    
445    1.00002e+11    1e+11    1.80113e-05    0    0.00194492    2.30129e-15    
446    1.00002e+11    1e+11    1.83994e-05    9.15527e-16    0.00176226    8.94944e-16    
447    1.00002e+11    1e+11    1.88701e-05    -4.57764e-16    0.00157982    7.67095e-16    
448    1.00002e+11    1e+11    1.94589e-05    -1.06812e-15    0.00139823    2.17344e-15    
449    1.00002e+11    1e+11    2.01739e-05    -4.57764e-16    0.00121945    -1.15064e-15    
450    1.00002e+11    1e+11    2.10267e-05    -1.83105e-15    0.00104407    -2.81268e-15    
451    1.00002e+11    1e+11    2.19563e-05    -2.74658e-15    0.000872187    -3.83548e-16    
452    1.00002e+11    1e+11    2.28516e-05    9.15527e-16    0.00070351    8.94944e-16    
453    1.00002e+11    1e+11    2.36746e-05    6.10352e-16    0.000537387    -2.68483e-15    
454    1.00002e+11    1e+11    2.45404e-05    -1.52588e-15    0.000376065    -1.27849e-15    
455    1.00003e+11    1e+11    2.54296e-05    1.52588e-16    0.000218976    5.11397e-16    
456    1.00003e+11    1e+11    2.63857e-05    -7.62939e-16    6.81346e-05    1.40634e-15    
457    1.00003e+11    1e+11    2.74158e-05    -1.83105e-15    -7.67202e-05    -5.11397e-16    
458    1.00003e+11    1e+11    2.85334e-05    -6.10352e-16    -0.000213519    1.27849e-16    
459    1.00003e+11    1e+11    2.96425e-05    -1.83105e-15    -0.000343839    -6.39246e-16    
460    1.00003e+11    1e+11    3.07122e-05    -1.83105e-15    -0.000468854    0    
461    1.00003e+11    1e+11    3.16745e-05    6.10352e-16    -0.000590265    -2.42914e-15    
462    1.00003e+11    1e+11    3.25941e-05    1.52588e-16    -0.000705253    -1.91774e-15    
463    1.00003e+11    1e+11    3.34747e-05    7.62939e-16    -0.000814366    5.11397e-16    
464    1.00003e+11    1e+11    3.43862e-05    -2.59399e-15    -0.000915015    1.27849e-16    
465    1.00004e+11    1e+11    3.53383e-05    0    -0.001006    1.27849e-15    
466    1.00004e+11    1e+11    3.62873e-05    3.05176e-16    -0.0010885    -2.55698e-16    
467    1.00004e+11    1e+11    3.72409e-05    -1.52588e-16    -0.00116117    1.78989e-15    
468    1.00004e+11    1e+11    3.8046e-05    -9.15527e-16    -0.00122997    -3.83548e-16    
469    1.00004e+11    1e+11    3.88218e-05    -4.57764e-16    -0.00129364    0    
470    1.00004e+11    1e+11    3.95084e-05    1.2207e-15    -0.00135366    8.94944e-16    
471    1.00004e+11    1e+11    4.01509e-05    -7.62939e-16    -0.00140767    -2.81268e-15    
472    1.00004e+11    1e+11    4.07873e-05    -1.52588e-16    -0.00145294    3.57978e-15    
473    1.00004e+11    1e+11    4.13692e-05    1.52588e-15    -0.00149286    6.39246e-16    
474    1.00004e+11    1e+11    4.19621e-05    -9.15527e-16    -0.00152363    -3.83548e-16    
475    1.00004e+11    1e+11    4.25664e-05    4.57764e-16    -0.00154511    -8.94944e-16    
476    1.00004e+11    1e+11    4.31142e-05    -1.06812e-15    -0.00156078    3.83548e-16    
477    1.00004e+11    1e+11    4.35481e-05    1.2207e-15    -0.001573    -2.55698e-16    
478    1.00004e+11    1e+11    4.38384e-05    0    -0.00158297    -5.11397e-16    
479    1.00004e+11    1e+11    4.40688e-05    -1.83105e-15    -0.00158916    1.02279e-15    
480    1.00004e+11    1e+11    4.42351e-05    6.10352e-16    -0.00158947    1.40634e-15    
481    1.00004e+11    1e+11    4.42824e-05    -1.2207e-15    -0.00158628    3.83548e-16    
482    1.00004e+11    1e+11    4.42295e-05    -2.74658e-15    -0.00157526    2.55698e-16    
483    1.00004e+11    1e+11    4.41072e-05    2.28882e-15    -0.00155579    1.91774e-15    
484    1.00004e+11    1e+11    4.39602e-05    -6.10352e-16    -0.00152862    2.55698e-16    
485    1.00004e+11    1e+11    4.35521e-05    -1.2207e-15    -0.0014979    -1.27849e-16    
486    1.00004e+11    1e+11    4.29379e-05    -4.57764e-16    -0.00146815    0    
487    1.00004e+11    1e+11    4.19951e-05    -6.10352e-16    -0.00143784    -2.81268e-15    
488    1.00004e+11    1e+11    4.08392e-05    1.67847e-15    -0.00140695    1.91774e-15    
489    1.00004e+11    1e+11    3.97628e-05    -6.10352e-16    -0.00137295    -2.55698e-16    
490    1.00004e+11    1e+11    3.87842e-05    -7.62939e-16    -0.00133275    2.04559e-15    
491    1.00004e+11    1e+11    3.77566e-05    -6.10352e-16    -0.00128621    -7.67095e-16    
492    1.00004e+11    1e+11    3.67755e-05    -1.2207e-15    -0.00123525    -3.83548e-16    
493    1.00004e+11    1e+11    3.59019e-05    -7.62939e-16    -0.00118102    -2.55698e-16    
494    1.00004e+11    1e+11    3.50694e-05    -1.52588e-16    -0.00112631    1.27849e-16    
495    1.00003e+11    1e+11    3.43022e-05    -1.52588e-15    -0.00107243    7.67095e-16    
496    1.00003e+11    1e+11    3.31294e-05    6.10352e-16    -0.0010216    0    
497    1.00003e+11    1e+11    3.1707e-05    -4.57764e-16    -0.000971907    7.67095e-16    
498    1.00003e+11    1e+11    3.04267e-05    -1.06812e-15    -0.000919665    6.39246e-16    
499    1.00003e+11    1e+11    2.92774e-05    -1.2207e-15    -0.000865391    1.40634e-15    
500    1.00003e+11    1e+11    2.76218e-05    -1.83105e-15    -0.000812757    2.81268e-15    
501    1.00003e+11    1e+11    2.58974e-05    -2.28882e-15    -0.000758968    1.15064e-15    
502    1.00002e+11    1e+11    2.36826e-05    -1.67847e-15    -0.000704741    3.83548e-16    
503    1.00002e+11    1e+11    2.15331e-05    3.05176e-16    -0.000649478    1.02279e-15    
504    1.00002e+11    1e+11    1.95067e-05    -1.67847e-15    -0.000596141    -8.94944e-16    
505    1.00002e+11    1e+11    1.74283e-05    0    -0.000544925    -7.67095e-16    
506    1.00002e+11    1e+11    1.53828e-05    0    -0.000496163    -1.27849e-16    
507    1.00001e+11    1e+11    1.33028e-05    1.83105e-15    -0.000449566    -8.94944e-16    
508    1.00001e+11    1e+11    1.12328e-05    -1.98364e-15    -0.000405406    -1.27849e-15    
509    1.00001e+11    1e+11    9.46815e-06    -1.52588e-16    -0.000362157    0    
510    1.00001e+11    1e+11    7.78993e-06    0    -0.000320176    -1.15064e-15    
511    1.00001e+11    1e+11    5.88121e-06    -4.57764e-16    -0.000280803    -2.55698e-16    
512    1e+11    1e+11    3.96342e-06    -1.06812e-15    -0.000243272    1.27849e-15    
513    1e+11    1e+11    2.08002e-06    1.06812e-15    -0.000207782    -1.27849e-15    
514    1e+11    1e+11    5.05424e-07    -2.44141e-15    -0.000174169    1.27849e-16    
515    9.99999e+10    1e+11    -9.52784e-07    -4.57764e-16    -0.000142806    8.94944e-16    
516    9.99998e+10    1e+11    -2.47206e-06    1.2207e-15    -0.000114216    7.67095e-16    
517    9.99996e+10    1e+11    -3.80798e-06    -7.62939e-16    -8.78423e-05    -1.91774e-15    
518    9.99995e+10    1e+11    -5.10327e-06    1.52588e-15    -6.37102e-05    -1.66204e-15    
519    9.99993e+10    1e+11    -6.54734e-06    -1.06812e-15    -4.17646e-05    3.83548e-16    
520    9.99992e+10    1e+11    -7.89856e-06    -1.52588e-15    -2.23959e-05    5.11397e-16    
521    9.99991e+10    1e+11    -9.2736e-06    -6.10352e-16    -5.1399e-06    -2.55698e-16    
522    9.9999e+10    1e+11    -1.05039e-05    9.15527e-16    1.06803e-05    -8.94944e-16    
523    9.99988e+10    1e+11    -1.1708e-05    -7.62939e-16    2.46084e-05    2.30129e-15    
524    9.99987e+10    1e+11    -1.26291e-05    -1.83105e-15    3.68675e-05    1.15064e-15    
525    9.99987e+10    1e+11    -1.32688e-05    0    4.75368e-05    -7.67095e-16    
526    9.99986e+10    1e+11    -1.36729e-05    1.2207e-15    5.67574e-05    8.94944e-16    
527    9.99986e+10    1e+11    -1.39091e-05    -1.52588e-15    6.4465e-05    7.67095e-16    
528    9.99986e+10    1e+11    -1.40891e-05    -1.83105e-15    7.07045e-05    -8.94944e-16    
529    9.99986e+10    1e+11    -1.42196e-05    -3.05176e-16    7.56785e-05    1.91774e-15    
530    9.99986e+10    1e+11    -1.43517e-05    -6.10352e-16    7.94023e-05    -7.67095e-16    
531    9.99986e+10    1e+11    -1.43966e-05    -1.52588e-16    8.21892e-05    5.11397e-16    
532    9.99986e+10    1e+11    -1.43242e-05    2.28882e-15    8.40614e-05    -1.02279e-15    
533    9.99986e+10    1e+11    -1.41289e-05    0    8.50948e-05    3.83548e-16    
534    9.99986e+10    1e+11    -1.38246e-05    -2.59399e-15    8.53623e-05    -6.39246e-16    
535    9.99987e+10    1e+11    -1.34638e-05    -2.59399e-15    8.49451e-05    1.27849e-16    
536    9.99987e+10    1e+11    -1.31049e-05    -3.05176e-16    8.40558e-05    6.39246e-16    
537    9.99987e+10    1e+11    -1.27756e-05    -9.15527e-16    8.27035e-05    -1.27849e-16    
538    9.99988e+10    1e+11    -1.24063e-05    -1.37329e-15    8.10955e-05    0    
539    9.99988e+10    1e+11    -1.21128e-05    -9.15527e-16    7.90537e-05    -1.02279e-15    
540    9.99988e+10    1e+11    -1.18988e-05    -1.2207e-15    7.67176e-05    6.39246e-16    
541    9.99988e+10    1e+11    -1.17035e-05    1.06812e-15    7.41044e-05    -1.27849e-16    
542    9.99989e+10    1e+11    -1.15047e-05    7.62939e-16    7.12581e-05    0    
543    9.99989e+10    1e+11    -1.12432e-05    1.2207e-15    6.82515e-05    1.27849e-15    
544    9.99989e+10    1e+11    -1.0973e-05    7.62939e-16    6.5257e-05    -6.39246e-16    
545    9.99989e+10    1e+11    -1.0661e-05    -1.37329e-15    6.21839e-05    1.15064e-15    
546    9.9999e+10    1e+11    -1.03704e-05    -3.05176e-16    5.90723e-05    5.11397e-16    
547    9.9999e+10    1e+11    -1.01322e-05    1.2207e-15    5.59421e-05    1.27849e-15    
548    9.9999e+10    1e+11    -9.90016e-06    1.06812e-15    5.28488e-05    0    
549    9.9999e+10    1e+11    -9.70622e-06    -1.37329e-15    4.97875e-05    1.78989e-15    
550    9.9999e+10    1e+11    -9.55468e-06    1.06812e-15    4.67969e-05    -6.39246e-16    
551    9.99991e+10    1e+11    -9.42403e-06    -6.10352e-16    4.38692e-05    -1.15064e-15    
552    9.99991e+10    1e+11    -9.27823e-06    -3.66211e-15    4.09948e-05    7.67095e-16    
553    9.99991e+10    1e+11    -9.12981e-06    3.05176e-16    3.81845e-05    -1.02279e-15    
554    9.99991e+10    1e+11    -8.9777e-06    -4.73022e-15    3.54419e-05    -5.11397e-16    
555    9.99991e+10    1e+11    -8.82327e-06    -4.57764e-16    3.27738e-05    7.67095e-16    
556    9.99991e+10    1e+11    -8.65049e-06    -3.05176e-16    3.01873e-05    2.55698e-16    
557    9.99992e+10    1e+11    -8.44604e-06    1.06812e-15    2.76881e-05    -2.55698e-16    
558    9.99992e+10    1e+11    -8.21462e-06    -3.05176e-15    2.52742e-05    1.27849e-15    
559    9.99992e+10    1e+11    -7.95835e-06    -4.57764e-16    2.29499e-05    1.02279e-15    
560    9.99992e+10    1e+11    -7.68394e-06    1.52588e-16    2.0717e-05    1.40634e-15    
561    9.99993e+10    1e+11    -7.40616e-06    -6.10352e-16    1.85747e-05    -1.02279e-15    
562    9.99993e+10    1e+11    -7.12727e-06    -1.52588e-16    1.65155e-05    1.15064e-15    
563    9.99993e+10    1e+11    -6.81144e-06    -2.44141e-15    1.45382e-05    7.67095e-16    
564    9.99994e+10    1e+11    -6.49636e-06    -2.44141e-15    1.26417e-05    -1.40634e-15    
565    9.99994e+10    1e+11    -6.11351e-06    4.57764e-16    1.0829e-05    7.67095e-16    
566    9.99994e+10    1e+11    -5.72253e-06    7.62939e-16    9.099e-06    -2.55698e-16    
567    9.99995e+10    1e+11    -5.32654e-06    -3.66211e-15    7.44553e-06    0    
568    9.99995e+10    1e+11    -4.97292e-06    4.57764e-16    5.86042e-06    2.55698e-16    
569    9.99995e+10    1e+11    -4.64618e-06    6.10352e-16    4.33776e-06    1.53419e-15    
570    9.99996e+10    1e+11    -4.34332e-06    -2.59399e-15    2.87488e-06    1.66204e-15    
571    9.99996e+10    1e+11    -4.07828e-06    -2.44141e-15    1.46935e-06    7.67095e-16    
572    9.99996e+10    1e+11    -3.85069e-06    3.05176e-16    1.16433e-07    -1.27849e-15    
573    9.99996e+10    1e+11    -3.66258e-06    -1.06812e-15    -1.1804e-06    -1.15064e-15    
574    9.99996e+10    1e+11    -3.53597e-06    -2.28882e-15    -2.43121e-06    -6.39246e-16    
575    9.99997e+10    1e+11    -3.47401e-06    7.62939e-16    -3.63151e-06    3.83548e-16    
576    9.99997e+10    1e+11    -3.42338e-06    1.67847e-15    -4.77926e-06    1.15064e-15    
577    9.99997e+10    1e+11    -3.3697e-06    -4.57764e-16    -5.87843e-06    -6.39246e-16    
578    9.99997e+10    1e+11    -3.32194e-06    -2.28882e-15    -6.92717e-06    6.39246e-16    
579    9.99997e+10    1e+11    -3.28622e-06    -9.15527e-16    -7.926e-06    2.30129e-15    
580    9.99997e+10    1e+11    -3.27273e-06    -2.59399e-15    -8.87889e-06    5.11397e-16    
581    9.99997e+10    1e+11    -3.30245e-06    -4.57764e-16    -9.78936e-06    1.27849e-16    
582    9.99997e+10    1e+11    -3.34318e-06    7.62939e-16    -1.06527e-05    -2.55698e-16    
583    9.99997e+10    1e+11    -3.40295e-06    -9.15527e-16    -1.14716e-05    7.67095e-16    
584    9.99997e+10    1e+11    -3.50269e-06    -2.44141e-15    -1.22492e-05    1.78989e-15    
585    9.99996e+10    1e+11    -3.61312e-06    -1.52588e-16    -1.29773e-05    6.39246e-16    
586    9.99996e+10    1e+11    -3.67262e-06    7.62939e-16    -1.36438e-05    6.39246e-16    
587    9.99996e+10    1e+11    -3.66105e-06    -1.06812e-15    -1.42463e-05    1.40634e-15    
588    9.99996e+10    1e+11    -3.57443e-06    4.57764e-16    -1.47826e-05    -3.83548e-16    
589    9.99997e+10    1e+11    -3.43639e-06    -2.89917e-15    -1.52542e-05    0    
590    9.99997e+10    1e+11    -3.1932e-06    -3.66211e-15    -1.56482e-05    2.55698e-16    
591    9.99997e+10    1e+11    -2.86961e-06    -9.15527e-16    -1.59646e-05    8.94944e-16    
592    9.99998e+10    1e+11    -2.40163e-06    -1.83105e-15    -1.61844e-05    -8.94944e-16    
593    9.99998e+10    1e+11    -1.85489e-06    0    -1.63058e-05    1.27849e-15    
594    9.99999e+10    1e+11    -1.24997e-06    1.52588e-15    -1.63352e-05    1.02279e-15    
595    9.99999e+10    1e+11    -5.98084e-07    -1.52588e-16    -1.62691e-05    5.11397e-16    
596    1e+11    1e+11    2.26757e-08    -1.06812e-15    -1.61054e-05    6.39246e-16    
597    1e+11    1e+11    6.25611e-07    4.57764e-16    -1.58449e-05    -2.55698e-16    
598    1e+11    1e+11    1.23383e-06    -9.15527e-16    -1.54752e-05    6.39246e-16    
599    1e+11    1e+11    1.86239e-06    -2.89917e-15    -1.49949e-05    6.39246e-16    
600    1e+11    1e+11    2.45102e-06    1.52588e-16    -1.44092e-05    6.39246e-16    
