0.5 9.81527e-05  0
0.75 9.81527e-05  0
1 0.00833785  5
1.25 0.00151041  2
1.5 0.000254348  1
1.75 7.167e-05  0
2 0.0020652  3
2.25 0.000393768  1
2.5 0.000133123  1
2.75 5.52025e-05  0
3 0.0048709  5
3.25 0.000854351  2
3.5 0.000147623  1
3.75 4.49685e-05  0
4 0.00325686  4
4.25 0.000600297  2
4.5 0.000100457  1
4.75 2.91756e-05  0
5 0.00367391  4
5.25 0.000699933  2
5.5 0.000113517  1
5.75 3.06645e-05  0
6 0.00315799  3
6.25 0.000627956  2
6.5 9.62252e-05  0
6.75 9.62252e-05  0
7 0.00387515  3
7.25 0.000769961  2
7.5 0.000121888  1
7.75 3.08308e-05  0
8 0.00388805  4
8.25 0.000779129  2
8.5 0.000117712  1
8.75 2.87615e-05  0
9 0.00400392  4
9.25 0.000781723  2
9.5 0.000122057  1
9.75 3.17226e-05  0
10 0.00383227  4
10.25 0.000741701  2
10.5 0.000118251  1
10.75 3.13805e-05  0
11 0.00366438  4
11.25 0.000687578  2
11.5 0.000115244  1
11.75 3.28532e-05  0
12 0.00372914  4
12.25 0.000667099  2
12.5 0.000118399  1
12.75 3.68867e-05  0
13 0.003872  4
13.25 0.000698705  2
13.5 0.000116571  1
13.75 3.24652e-05  0
14 0.00349475  3
14.25 0.000654572  2
14.5 0.000113956  1
14.75 3.24926e-05  0
15 0.00392521  4
15.25 0.000746206  2
15.5 0.000116494  1
15.75 3.01271e-05  0
16 0.00368278  4
16.25 0.000733157  2
16.5 0.00011156  1
16.75 2.83439e-05  0
17 0.0034965  3
17.25 0.000693317  2
17.5 0.000109951  1
17.75 2.84527e-05  0
18 0.00351249  3
18.25 0.000698273  2
18.5 0.000110702  1
18.75 2.78698e-05  0
19 0.00389471  4
19.25 0.000753438  2
19.5 0.000120295  1
19.75 3.17714e-05  0
20 0.00377915  4
20.25 0.000726256  2
20.5 0.000118092  1
20.75 3.27259e-05  0
21 0.00337283  3
21.25 0.000634701  2
21.5 0.000103259  1
21.75 2.81871e-05  0
22 0.00378183  4
22.25 0.000728646  2
22.5 0.000109781  1
22.75 2.60972e-05  0
23 0.00365276  3
23.25 0.000690377  2
23.5 0.000113762  1
23.75 3.24771e-05  0
24 0.00361874  4
24.25 0.00068822  2
24.5 0.000110266  1
24.75 2.95648e-05  0
25 0.00352686  3
25.25 0.000670639  2
25.5 0.000113528  1
25.75 3.19484e-05  0
26 0.00353349  3
26.25 0.000711753  2
26.5 0.000107405  1
26.75 2.5882e-05  0
27 0.00360036  4
27.25 0.000723344  2
27.5 0.000107765  1
27.75 2.52989e-05  0
28 0.00367213  4
28.25 0.000716499  2
28.5 0.0001106  1
28.75 2.85472e-05  0
29 0.00398374  4
29.25 0.000750727  2
29.5 0.000123068  1
29.75 3.53229e-05  0
30 0.00389878  4
30.25 0.000754955  2
30.5 0.000116979  1
30.75 3.09856e-05  0
31 0.00332414  4
31.25 0.000655768  2
31.5 9.87492e-05  0
31.75 9.87492e-05  0
32 0.00319364  4
32.25 0.000636767  2
32.5 9.72131e-05  0
32.75 9.72131e-05  0
33 0.00299386  3
33.25 0.000586622  2
33.5 8.34158e-05  0
33.75 8.34158e-05  0
34 0.00360131  4
34.25 0.000699707  2
34.5 0.00010118  1
34.75 2.10097e-05  0
35 0.0038728  4
35.25 0.000772943  2
35.5 0.000111943  1
35.75 2.52975e-05  0
36 0.00396225  4
36.25 0.000776795  2
36.5 0.000114278  1
36.75 2.70688e-05  0
37 0.00386538  4
37.25 0.000761248  2
37.5 0.000109896  1
37.75 2.35759e-05  0
38 0.00357566  4
38.25 0.000695747  2
38.5 0.000104083  1
38.75 2.45118e-05  0
39 0.00399594  4
39.25 0.000752684  2
39.5 0.000117774  1
39.75 3.12366e-05  0
40 0.00375911  4
40.25 0.000681218  2
40.5 0.000106874  1
40.75 2.98022e-05  0
41 0.00371258  4
41.25 0.000672857  2
41.5 0.0001134  1
41.75 3.38176e-05  0
42 0.00389043  4
42.25 0.000733929  2
42.5 0.000108025  1
42.75 2.63062e-05  0
43 0.003735  4
43.25 0.000710942  2
43.5 0.000102272  1
43.75 2.13372e-05  0
44 0.00376652  4
44.25 0.000729533  2
44.5 0.000106055  1
44.75 1.92449e-05  0
45 0.00396274  4
45.25 0.000745725  2
45.5 0.000110614  1
45.75 2.35728e-05  0
46 0.00391089  4
46.25 0.000746129  2
46.5 0.000109744  1
46.75 2.34252e-05  0
47 0.00371165  4
47.25 0.000747733  2
47.5 0.000106112  1
47.75 1.99429e-05  0
48 0.00364187  4
48.25 0.000697584  2
48.5 0.000100488  1
48.75 2.24565e-05  0
49 0.00427614  4
49.25 0.000791779  2
49.5 0.000120743  1
49.75 3.22083e-05  0
50 0.00382313  4
50.25 0.000730201  2
50.5 0.000102186  1
50.75 1.98548e-05  0
51 0.00343194  4
51.25 0.00068937  2
51.5 9.67003e-05  0
51.75 9.67003e-05  0
52 0.00327452  4
52.25 0.00064903  2
52.5 9.02648e-05  0
52.75 9.02648e-05  0
53 0.0035823  4
53.25 0.000685927  2
53.5 9.71362e-05  0
53.75 9.71362e-05  0
54 0.00385892  4
54.25 0.000734058  2
54.5 0.000102771  1
54.75 2.20562e-05  0
55 0.00414207  4
55.25 0.000796969  2
55.5 0.000110335  1
55.75 2.33996e-05  0
56 0.00371813  4
56.25 0.000713086  2
56.5 9.82559e-05  0
56.75 9.82559e-05  0
57 0.003962  5
57.25 0.000780344  2
57.5 0.000110981  1
57.75 2.18296e-05  0
58 0.00384828  4
58.25 0.000746851  2
58.5 0.000103046  1
58.75 2.12743e-05  0
59 0.00386487  4
59.25 0.000744281  2
59.5 0.000104284  1
59.75 2.2503e-05  0
60 0.00412378  4
60.25 0.0007653  2
60.5 0.000107845  1
60.75 2.40472e-05  0
61 0.00364511  4
61.25 0.000690662  2
61.5 9.56666e-05  0
61.75 9.56666e-05  0
62 0.00357765  5
62.25 0.000697368  2
62.5 0.000100286  1
62.75 1.93673e-05  0
63 0.00366505  5
63.25 0.000729057  2
63.5 0.000103203  1
63.75 1.9827e-05  0
64 0.00376727  5
64.25 0.000711663  2
64.5 0.000102532  1
64.75 2.06578e-05  0
65 0.0036608  5
65.25 0.000705499  2
65.5 0.000100549  1
65.75 1.95895e-05  0
66 0.00386622  5
66.25 0.000772654  2
66.5 0.000107414  1
66.75 2.16334e-05  0
67 0.00396183  5
67.25 0.000775487  2
67.5 0.000107808  1
67.75 2.35401e-05  0
68 0.00382905  5
68.25 0.000736541  2
68.5 0.000104102  1
68.75 2.16461e-05  0
69 0.00373339  5
69.25 0.000730047  2
69.5 0.000102138  1
69.75 2.16218e-05  0
70 0.00413269  5
70.25 0.000796045  2
70.5 0.000113175  1
70.75 2.63822e-05  0
71 0.00395611  5
71.25 0.000749708  2
71.5 0.000108121  1
71.75 2.60272e-05  0
72 0.00390484  5
72.25 0.000721709  2
72.5 0.000106543  1
72.75 2.69904e-05  0
73 0.00410789  5
73.25 0.000751876  2
73.5 0.000112272  1
73.75 2.9924e-05  0
74 0.00356769  5
74.25 0.000679181  2
74.5 9.75886e-05  0
74.75 9.75886e-05  0
75 0.0036595  5
75.25 0.000716888  2
75.5 0.000102363  1
75.75 2.15995e-05  0
76 0.00394597  5
76.25 0.000750242  2
76.5 0.000109285  1
76.75 2.1931e-05  0
77 0.00393103  5
77.25 0.000756993  2
77.5 0.000108959  1
77.75 2.19313e-05  0
78 0.00392245  5
78.25 0.00078212  2
78.5 0.000111854  1
78.75 2.29224e-05  0
79 0.0041171  5
79.25 0.000814664  2
79.5 0.000115003  1
79.75 2.46947e-05  0
80 0.00386008  5
80.25 0.000729802  2
80.5 0.000104391  1
80.75 2.38116e-05  0
81 0.00390019  5
81.25 0.000753186  2
81.5 0.000108719  1
81.75 2.4063e-05  0
82 0.00407277  5
82.25 0.000794052  2
82.5 0.000112773  1
82.75 2.55759e-05  0
83 0.00388328  5
83.25 0.000756925  2
83.5 0.000107099  1
83.75 2.38106e-05  0
84 0.00406443  5
84.25 0.000759666  2
84.5 0.000111119  1
84.75 2.73376e-05  0
85 0.00406647  5
85.25 0.000742084  2
85.5 0.000111896  1
85.75 2.96923e-05  0
86 0.00410692  5
86.25 0.000738823  2
86.5 0.000113212  1
86.75 3.03282e-05  0
87 0.00411661  5
87.25 0.000756012  2
87.5 0.000113555  1
87.75 2.85028e-05  0
88 0.00391793  5
88.25 0.000740944  2
88.5 0.00010988  1
88.75 2.63078e-05  0
89 0.0039046  5
89.25 0.000786025  2
89.5 0.000114995  1
89.75 2.59315e-05  0
90 0.00413355  5
90.25 0.000825776  2
90.5 0.000121142  1
90.75 2.77312e-05  0
91 0.00404051  5
91.25 0.000784621  2
91.5 0.000117205  1
91.75 2.84371e-05  0
92 0.00413179  5
92.25 0.000790397  2
92.5 0.000119913  1
92.75 2.99633e-05  0
93 0.00416148  5
93.25 0.000776262  2
93.5 0.000117565  1
93.75 2.91348e-05  0
94 0.00396739  5
94.25 0.00077592  2
94.5 0.000115134  1
94.75 2.77338e-05  0
95 0.00395924  5
95.25 0.000797338  2
95.5 0.000117171  1
95.75 2.79374e-05  0
96 0.00413918  5
96.25 0.000802238  2
96.5 0.000120184  1
96.75 3.00998e-05  0
97 0.00443319  5
97.25 0.000842584  2
97.5 0.000127443  1
97.75 3.29333e-05  0
98 0.00434624  5
98.25 0.000795113  2
98.5 0.00012576  1
98.75 3.5152e-05  0
99 0.00453018  5
99.25 0.000842282  2
99.5 0.000134322  1
99.75 3.78538e-05  0
100 0.00497852  5
100.25 0.000907832  2
100.5 0.000148683  1
100.75 4.37398e-05  0
101 0.00544034  5
101.25 0.00099087  2
101.5 0.000164974  1
101.75 4.95103e-05  0
102 0.00531712  5
102.25 0.00096606  2
102.5 0.00015963  1
102.75 4.80173e-05  0
103 0.00498554  5
103.25 0.000916764  2
103.5 0.000150627  1
103.75 4.45425e-05  0
104 0.00513124  5
104.25 0.000926515  2
104.5 0.000160032  1
104.75 4.99498e-05  0
105 0.00556309  5
105.25 0.000985194  2
105.5 0.000184528  1
105.75 6.12898e-05  0
106 0.00594421  5
106.25 0.00105036  2
106.5 0.000207453  1
106.75 7.08798e-05  0
107 0.00636796  5
107.25 0.00112995  3
107.5 0.000189932  1
107.75 5.22662e-05  0
108 0.00551866  5
108.25 0.000986061  2
108.5 0.000188009  1
108.75 6.25308e-05  0
109 0.00528125  5
109.25 0.000953157  2
109.5 0.000179143  1
109.75 5.8733e-05  0
110 0.00595915  5
110.25 0.00109811  2
110.5 0.000205462  1
110.75 6.67717e-05  0
111 0.00594793  5
111.25 0.00107643  2
111.5 0.000206981  1
111.75 6.87279e-05  0
112 0.0049301  5
112.25 0.000912755  2
112.5 0.000162236  1
112.75 5.02365e-05  0
113 0.00501128  5
113.25 0.000979342  2
113.5 0.000167481  1
113.75 4.92398e-05  0
114 0.00497309  5
114.25 0.000960212  2
114.5 0.000168251  1
114.75 5.10327e-05  0
115 0.0056619  5
115.25 0.00104298  2
115.5 0.000193686  1
115.75 6.20902e-05  0
116 0.00528096  5
116.25 0.000967621  2
116.5 0.000176814  1
116.75 5.57184e-05  0
117 0.00460469  5
117.25 0.000875981  2
117.5 0.000149157  1
117.75 4.36528e-05  0
118 0.00445911  5
118.25 0.000887575  2
118.5 0.00014888  1
118.75 4.26828e-05  0
119 0.004262  5
119.25 0.00083854  2
119.5 0.00014278  1
119.75 4.14981e-05  0
120 0.00480217  5
120.25 0.000930849  2
120.5 0.00016041  1
120.75 4.70402e-05  0
121 0.00443387  5
121.25 0.000859709  2
121.5 0.000147788  1
121.75 4.36086e-05  0
122 0.00459789  5
122.25 0.000903809  2
122.5 0.000153329  1
122.75 4.40489e-05  0
123 0.00386856  5
123.25 0.000802408  2
123.5 0.000132445  1
123.75 3.64434e-05  0
124 0.00408653  5
124.25 0.000841682  2
124.5 0.00013771  1
124.75 3.72442e-05  0
125 0.00418087  5
125.25 0.000877041  2
125.5 0.000142999  1
125.75 3.90332e-05  0
126 0.0039021  5
126.25 0.000808326  2
126.5 0.000133169  1
126.75 3.67706e-05  0
127 0.00391766  5
127.25 0.000824366  2
127.5 0.000138409  1
127.75 3.86901e-05  0
128 0.00388525  5
128.25 0.0007938  2
128.5 0.000134936  1
128.75 3.81542e-05  0
129 0.00391957  5
129.25 0.000794023  2
129.5 0.000134658  1
129.75 3.7993e-05  0
130 0.00373519  5
130.25 0.000747831  2
130.5 0.000126672  1
130.75 3.57385e-05  0
131 0.00375053  5
131.25 0.000748034  2
131.5 0.000124892  1
131.75 3.43187e-05  0
132 0.00401562  5
132.25 0.000817467  2
132.5 0.000136505  1
132.75 3.79855e-05  0
133 0.00403967  5
133.25 0.000825847  2
133.5 0.000137482  1
133.75 3.85293e-05  0
134 0.00362602  5
134.25 0.000759672  2
134.5 0.000125875  1
134.75 3.55121e-05  0
135 0.00377616  5
135.25 0.000778433  2
135.5 0.000131761  1
135.75 3.74445e-05  0
136 0.00403411  5
136.25 0.000781547  2
136.5 0.00013875  1
136.75 4.06635e-05  0
137 0.00369709  5
137.25 0.000742477  2
137.5 0.00012686  1
137.75 3.58945e-05  0
138 0.00344201  5
138.25 0.000695165  2
138.5 0.000118676  1
138.75 3.34411e-05  0
139 0.00350792  5
139.25 0.000726015  2
139.5 0.000123136  1
139.75 3.47377e-05  0
140 0.00354277  5
140.25 0.000727561  2
140.5 0.000123526  1
140.75 3.49304e-05  0
141 0.00373132  5
141.25 0.000793636  2
141.5 0.000134495  1
141.75 3.81351e-05  0
142 0.00383438  5
142.25 0.000808499  2
142.5 0.000136518  1
142.75 3.85931e-05  0
143 0.00354185  5
143.25 0.000723249  2
143.5 0.000122815  1
143.75 3.45311e-05  0
144 0.00361427  5
144.25 0.000722712  2
144.5 0.000123546  1
144.75 3.47809e-05  0
145 0.00370025  5
145.25 0.000733367  2
145.5 0.000126968  1
145.75 3.60763e-05  0
146 0.00357256  5
146.25 0.00071035  2
146.5 0.000123941  1
146.75 3.49393e-05  0
147 0.00354406  5
147.25 0.000704241  2
147.5 0.000122241  1
147.75 3.46512e-05  0
148 0.00362685  5
148.25 0.000745844  2
148.5 0.000127638  1
148.75 3.62667e-05  0
149 0.00360559  5
149.25 0.0007305  2
149.5 0.000125189  1
149.75 3.56149e-05  0
150 0.00348386  5
150.25 0.00071429  2
150.5 0.000122004  1
150.75 3.47654e-05  0
151 0.00370001  5
151.25 0.000713472  2
151.5 0.000123205  1
151.75 3.58262e-05  0
152 0.00362912  5
152.25 0.000719174  2
152.5 0.000123042  1
152.75 3.53858e-05  0
153 0.00370137  5
153.25 0.000749469  2
153.5 0.000128465  1
153.75 3.65649e-05  0
154 0.0038888  5
154.25 0.000773659  2
154.5 0.000132572  1
154.75 3.73588e-05  0
155 0.00379443  5
155.25 0.0007475  2
155.5 0.000129764  1
155.75 3.65908e-05  0
156 0.00381807  5
156.25 0.000790582  2
156.5 0.000134757  1
156.75 3.84518e-05  0
157 0.00415243  5
157.25 0.00082693  2
157.5 0.000141686  1
157.75 4.11884e-05  0
158 0.00434077  5
158.25 0.000814798  2
158.5 0.000142368  1
158.75 4.30085e-05  0
159 0.00475042  5
159.25 0.000845774  2
159.5 0.000153481  1
159.75 4.75833e-05  0
160 0.00524138  5
160.25 0.000902738  2
160.5 0.000178032  1
160.75 5.90824e-05  0
161 0.00637067  5
161.25 0.0011146  3
161.5 0.000183845  1
161.75 5.35303e-05  0
162 0.00669162  5
162.25 0.0011717  3
162.5 0.000197728  1
162.75 5.70988e-05  0
163 0.00729484  6
163.25 0.00127392  3
163.5 0.000211932  1
163.75 5.81817e-05  0
164 0.00678007  5
164.25 0.00117205  3
164.5 0.000196711  1
164.75 5.68034e-05  0
165 0.00630932  5
165.25 0.00106917  3
165.5 0.000175586  1
165.75 4.96834e-05  0
166 0.0056332  5
166.25 0.000961506  2
166.5 0.000183708  1
166.75 5.91598e-05  0
167 0.0055586  5
167.25 0.000955825  2
167.5 0.000176205  1
167.75 5.57643e-05  0
168 0.00539682  5
168.25 0.000931819  2
168.5 0.000165112  1
168.75 5.15115e-05  0
169 0.00505609  5
169.25 0.000875333  2
169.5 0.000152255  1
169.75 4.73716e-05  0
170 0.00501968  5
170.25 0.000884092  2
170.5 0.000148604  1
170.75 4.49406e-05  0
171 0.00481523  5
171.25 0.000868672  2
171.5 0.000141627  1
171.75 4.13353e-05  0
172 0.00444875  5
172.25 0.000797299  2
172.5 0.000128961  1
172.75 3.72909e-05  0
173 0.00418641  5
173.25 0.000753746  2
173.5 0.000121471  1
173.75 3.43047e-05  0
174 0.00394464  5
174.25 0.000699628  2
174.5 0.000112911  1
174.75 3.20034e-05  0
175 0.00393758  5
175.25 0.000703141  2
175.5 0.00011237  1
175.75 3.13626e-05  0
176 0.00398041  5
176.25 0.000732564  2
176.5 0.000114671  1
176.75 3.05947e-05  0
177 0.00389152  5
177.25 0.000729998  2
177.5 0.000113072  1
177.75 2.96166e-05  0
178 0.00374035  5
178.25 0.000715007  2
178.5 0.000109329  1
178.75 2.8009e-05  0
179 0.0037121  5
179.25 0.000693782  2
179.5 0.000106718  1
179.75 2.7363e-05  0
180 0.00373497  5
180.25 0.000701713  2
180.5 0.000107468  1
180.75 2.6824e-05  0
181 0.00392132  5
181.25 0.000745152  2
181.5 0.000113277  1
181.75 2.72557e-05  0
182 0.0036574  5
182.25 0.000700378  2
182.5 0.000108164  1
182.75 2.61259e-05  0
183 0.00345455  5
183.25 0.000677585  2
183.5 0.000103747  1
183.75 2.47558e-05  0
184 0.00371388  5
184.25 0.00071832  2
184.5 0.000110407  1
184.75 2.5946e-05  0
185 0.00365375  5
185.25 0.000689688  2
185.5 0.000104427  1
185.75 2.42856e-05  0
186 0.00327142  5
186.25 0.000628804  2
186.5 9.45177e-05  0
186.75 9.45177e-05  0
187 0.00340968  5
187.25 0.000645278  2
187.5 9.73928e-05  0
187.75 9.73928e-05  0
188 0.00352251  5
188.25 0.000662587  2
188.5 9.86434e-05  0
188.75 9.86434e-05  0
189 0.00344312  5
189.25 0.0006563  2
189.5 9.68169e-05  0
189.75 9.68169e-05  0
190 0.00362229  5
190.25 0.000685307  2
190.5 0.000100511  1
190.75 2.23214e-05  0
191 0.00358386  5
191.25 0.000685655  2
191.5 9.90293e-05  0
191.75 9.90293e-05  0
192 0.00356663  5
192.25 0.000665447  2
192.5 9.72349e-05  0
192.75 9.72349e-05  0
193 0.00371094  5
193.25 0.000689264  2
193.5 0.000100688  1
193.75 2.20247e-05  0
194 0.00341943  5
194.25 0.000657208  2
194.5 9.5042e-05  0
194.75 9.5042e-05  0
195 0.00344257  5
195.25 0.000657536  2
195.5 9.62156e-05  0
195.75 9.62156e-05  0
196 0.00348078  5
196.25 0.000660439  2
196.5 9.71672e-05  0
196.75 9.71672e-05  0
197 0.00394959  5
197.25 0.000719839  2
197.5 0.000109146  1
197.75 2.853e-05  0
198 0.00377601  5
198.25 0.000675532  2
198.5 0.000103601  1
198.75 2.6668e-05  0
199 0.00358908  5
199.25 0.000668707  2
199.5 9.76892e-05  0
199.75 9.76892e-05  0
200 0.0033767  5
200.25 0.000646835  2
200.5 9.26338e-05  0
200.75 9.26338e-05  0
201 0.00339277  5
201.25 0.000652439  2
201.5 9.3221e-05  0
201.75 9.3221e-05  0
202 0.00344134  5
202.25 0.000678212  2
202.5 9.62384e-05  0
202.75 9.62384e-05  0
203 0.00372045  5
203.25 0.000707554  2
203.5 0.000102874  1
203.75 2.40174e-05  0
204 0.00359463  5
204.25 0.000685504  2
204.5 9.80958e-05  0
204.75 9.80958e-05  0
205 0.00332261  5
205.25 0.00063569  2
205.5 9.06193e-05  0
205.75 9.06193e-05  0
206 0.00359144  5
206.25 0.000671918  2
206.5 9.63886e-05  0
206.75 9.63886e-05  0
207 0.00360655  5
207.25 0.000684948  2
207.5 9.75198e-05  0
207.75 9.75198e-05  0
208 0.00354044  5
208.25 0.000694762  2
208.5 9.75835e-05  0
208.75 9.75835e-05  0
209 0.00348295  5
209.25 0.000687933  2
209.5 9.54229e-05  0
209.75 9.54229e-05  0
210 0.00347556  5
210.25 0.000677043  2
210.5 9.40787e-05  0
210.75 9.40787e-05  0
211 0.00353234  5
211.25 0.00067966  2
211.5 9.51505e-05  0
211.75 9.51505e-05  0
212 0.00382971  5
212.25 0.000710686  2
212.5 0.000101802  1
212.75 2.33686e-05  0
213 0.00387048  5
213.25 0.00070335  2
213.5 0.000102818  1
213.75 2.52372e-05  0
214 0.00373983  5
214.25 0.000693783  2
214.5 9.95321e-05  0
214.75 9.95321e-05  0
215 0.00349565  5
215.25 0.000688654  2
215.5 9.5997e-05  0
215.75 9.5997e-05  0
216 0.00346303  5
216.25 0.000682533  2
216.5 9.55244e-05  0
216.75 9.55244e-05  0
217 0.00316058  5
217.25 0.000629682  2
217.5 8.78813e-05  0
217.75 8.78813e-05  0
218 0.00319954  4
218.25 0.000629766  2
218.5 9.0758e-05  0
218.75 9.0758e-05  0
219 0.00358239  5
219.25 0.000706985  2
219.5 9.81763e-05  0
219.75 9.81763e-05  0
220 0.00334708  4
220.25 0.000665746  2
220.5 9.3851e-05  0
220.75 9.3851e-05  0
221 0.00345682  5
221.25 0.000680309  2
221.5 9.43615e-05  0
221.75 9.43615e-05  0
222 0.00358943  5
222.25 0.000701797  2
222.5 9.80986e-05  0
222.75 9.80986e-05  0
223 0.00370283  5
223.25 0.000717637  2
223.5 0.000101173  1
223.75 2.22668e-05  0
224 0.00334188  4
224.25 0.00066487  2
224.5 9.31798e-05  0
224.75 9.31798e-05  0
225 0.00332385  4
225.25 0.000650589  2
225.5 9.02306e-05  0
225.75 9.02306e-05  0
226 0.00327549  4
226.25 0.000646003  2
226.5 9.14088e-05  0
226.75 9.14088e-05  0
227 0.00362015  5
227.25 0.000691222  2
227.5 9.86064e-05  0
227.75 9.86064e-05  0
228 0.00351941  5
228.25 0.000664102  2
228.5 9.46121e-05  0
228.75 9.46121e-05  0
229 0.0036118  4
229.25 0.00070426  2
229.5 9.92935e-05  0
229.75 9.92935e-05  0
230 0.00356318  4
230.25 0.000690915  2
230.5 9.84241e-05  0
230.75 9.84241e-05  0
231 0.00379806  4
231.25 0.000728773  2
231.5 0.000106125  1
231.75 2.38869e-05  0
232 0.00375566  4
232.25 0.000712174  2
232.5 0.000104923  1
232.75 2.43028e-05  0
233 0.00350545  4
233.25 0.000678582  2
233.5 9.79417e-05  0
233.75 9.79417e-05  0
234 0.00343014  4
234.25 0.000668471  2
234.5 9.49124e-05  0
234.75 9.49124e-05  0
235 0.0032883  4
235.25 0.000659848  2
235.5 9.23316e-05  0
235.75 9.23316e-05  0
236 0.00348897  4
236.25 0.000707419  2
236.5 9.80614e-05  0
236.75 9.80614e-05  0
237 0.00325044  4
237.25 0.000639607  2
237.5 8.93743e-05  0
237.75 8.93743e-05  0
238 0.0034954  4
238.25 0.00068257  2
238.5 9.56297e-05  0
238.75 9.56297e-05  0
239 0.00355933  4
239.25 0.000703404  2
239.5 9.8234e-05  0
239.75 9.8234e-05  0
240 0.00344601  4
240.25 0.000681453  2
240.5 9.5859e-05  0
240.75 9.5859e-05  0
241 0.00348002  4
241.25 0.000698789  2
241.5 9.83691e-05  0
241.75 9.83691e-05  0
242 0.00358537  4
242.25 0.00071935  2
242.5 0.000102287  1
242.75 2.15626e-05  0
243 0.00335075  4
243.25 0.000670577  2
243.5 9.44577e-05  0
243.75 9.44577e-05  0
244 0.00336843  4
244.25 0.000660761  2
244.5 9.41256e-05  0
244.75 9.41256e-05  0
245 0.0032369  4
245.25 0.000638114  2
245.5 9.01418e-05  0
245.75 9.01418e-05  0
246 0.00334249  4
246.25 0.000660318  2
246.5 9.33842e-05  0
246.75 9.33842e-05  0
247 0.00350245  4
247.25 0.000709278  2
247.5 0.000102474  1
247.75 2.38605e-05  0
248 0.00363669  4
248.25 0.000716861  2
248.5 0.000105092  1
248.75 2.55872e-05  0
249 0.00360422  4
249.25 0.000724675  2
249.5 0.000105548  1
249.75 2.47721e-05  0
250 0.00393778  4
250.25 0.000752833  2
250.5 0.000110276  1
250.75 2.488e-05  0
251 0.00417666  4
251.25 0.000770043  2
251.5 0.000120189  1
251.75 3.06311e-05  0
252 0.00377103  4
252.25 0.000694795  2
252.5 0.000106665  1
252.75 2.59443e-05  0
253 0.003468  4
253.25 0.00065395  2
253.5 9.81962e-05  0
253.75 9.81962e-05  0
254 0.00297023  3
254.25 0.000575669  2
254.5 8.38634e-05  0
254.75 8.38634e-05  0
255 0.0033587  3
255.25 0.000689557  2
255.5 0.000112889  1
255.75 3.06692e-05  0
256 0.00362975  4
256.25 0.000740761  2
256.5 0.000113896  1
256.75 2.92675e-05  0
257 0.00370624  4
257.25 0.000753928  2
257.5 0.000116761  1
257.75 3.01156e-05  0
258 0.00363527  4
258.25 0.000740358  2
258.5 0.000114001  1
258.75 2.90356e-05  0
259 0.00378071  4
259.25 0.000775736  2
259.5 0.000117599  1
259.75 2.90383e-05  0
260 0.00389416  3
260.25 0.000770693  2
260.5 0.000119986  1
260.75 3.0968e-05  0
261 0.00342536  3
261.25 0.000703078  2
261.5 0.000112601  1
261.75 2.97579e-05  0
262 0.00332278  3
262.25 0.000686548  2
262.5 0.000114189  1
262.75 3.15846e-05  0
263 0.0032578  3
263.25 0.000662786  2
263.5 0.000112907  1
263.75 3.26013e-05  0
264 0.00338825  3
264.25 0.000687885  2
264.5 0.000115434  1
264.75 3.28644e-05  0
265 0.00345277  3
265.25 0.000724983  2
265.5 0.000121115  1
265.75 3.36692e-05  0
266 0.00354447  4
266.25 0.000750571  2
266.5 0.000113623  1
266.75 2.94042e-05  0
267 0.00367151  4
267.25 0.000765414  2
267.5 0.000115859  1
267.75 3.01204e-05  0
268 0.00365957  3
268.25 0.00076696  2
268.5 0.000127572  1
268.75 3.50389e-05  0
269 0.00406427  3
269.25 0.00080594  2
269.5 0.000129938  1
269.75 3.50387e-05  0
270 0.00364438  3
270.25 0.000731706  2
270.5 0.000120781  1
270.75 3.30697e-05  0
271 0.00349793  4
271.25 0.000732892  2
271.5 0.000110102  1
271.75 2.7893e-05  0
272 0.00334368  4
272.25 0.000694685  2
272.5 0.000104689  1
272.75 2.7841e-05  0
273 0.00346857  4
273.25 0.000715572  2
273.5 0.000108188  1
273.75 2.87979e-05  0
274 0.00364927  4
274.25 0.000758851  2
274.5 0.00011541  1
274.75 3.02094e-05  0
275 0.00366898  4
275.25 0.000767799  2
275.5 0.000116502  1
275.75 2.9648e-05  0
276 0.00350364  4
276.25 0.000736778  2
276.5 0.000110747  1
276.75 2.8933e-05  0
277 0.00382835  4
277.25 0.000789002  2
277.5 0.000119259  1
277.75 3.01109e-05  0
278 0.00385337  3
278.25 0.000758083  2
278.5 0.000124427  1
278.75 3.38643e-05  0
279 0.00385269  3
279.25 0.00074978  2
279.5 0.000123865  1
279.75 3.36731e-05  0
280 0.00373098  4
280.25 0.000747181  2
280.5 0.000112564  1
280.75 2.8265e-05  0
281 0.00372002  4
281.25 0.000781224  2
281.5 0.000117694  1
281.75 3.06974e-05  0
282 0.00364452  4
282.25 0.000742329  2
282.5 0.000114653  1
282.75 3.1415e-05  0
283 0.00369143  4
283.25 0.000765756  2
283.5 0.000117764  1
283.75 3.1913e-05  0
284 0.00373259  4
284.25 0.000782729  2
284.5 0.000118247  1
284.75 3.11016e-05  0
285 0.00379534  4
285.25 0.000778604  2
285.5 0.000116954  1
285.75 3.05788e-05  0
286 0.00370441  4
286.25 0.000748398  2
286.5 0.000113378  1
286.75 2.89133e-05  0
287 0.00393943  4
287.25 0.000789737  2
287.5 0.000119291  1
287.75 3.03782e-05  0
288 0.00385379  4
288.25 0.000788944  2
288.5 0.000119615  1
288.75 3.07302e-05  0
289 0.00378004  4
289.25 0.00078256  2
289.5 0.000119492  1
289.75 3.17148e-05  0
290 0.0039177  4
290.25 0.00080223  2
290.5 0.000123859  1
290.75 3.32443e-05  0
291 0.00374884  4
291.25 0.000774452  2
291.5 0.000117476  1
291.75 3.1199e-05  0
292 0.0039374  4
292.25 0.000805221  2
292.5 0.000120567  1
292.75 3.17167e-05  0
293 0.00376651  4
293.25 0.000747993  2
293.5 0.00011245  1
293.75 2.94404e-05  0
294 0.00352704  4
294.25 0.000700141  2
294.5 0.000105945  1
294.75 2.78652e-05  0
295 0.00371628  4
295.25 0.00076806  2
295.5 0.000116671  1
295.75 3.07198e-05  0
296 0.00391285  4
296.25 0.000814803  2
296.5 0.000122874  1
296.75 3.25424e-05  0
297 0.00407091  4
297.25 0.00085277  2
297.5 0.000129392  1
297.75 3.45522e-05  0
298 0.00402855  4
298.25 0.000838822  2
298.5 0.000126099  1
298.75 3.39222e-05  0
299 0.00390453  4
299.25 0.000810197  2
299.5 0.000121505  1
299.75 3.27364e-05  0
300 0.00383718  4
300.25 0.000782097  2
300.5 0.000117931  1
300.75 3.14729e-05  0
301 0.00370426  4
301.25 0.000752393  2
301.5 0.000114224  1
301.75 3.03379e-05  0
302 0.00368752  4
302.25 0.000726142  2
302.5 0.000109638  1
302.75 2.89074e-05  0
303 0.00404436  4
303.25 0.000768271  2
303.5 0.000115797  1
303.75 3.01378e-05  0
304 0.00401964  4
304.25 0.000772142  2
304.5 0.000116106  1
304.75 3.0375e-05  0
305 0.00410062  4
305.25 0.000819859  2
305.5 0.000121616  1
305.75 3.22424e-05  0
306 0.00417931  4
306.25 0.000861123  2
306.5 0.000128167  1
306.75 3.4205e-05  0
307 0.00395908  4
307.25 0.000810511  2
307.5 0.000122517  1
307.75 3.26197e-05  0
308 0.00416367  4
308.25 0.000860149  2
308.5 0.000128451  1
308.75 3.35319e-05  0
309 0.00379114  4
309.25 0.000773571  2
309.5 0.000115937  1
309.75 3.07482e-05  0
310 0.00380716  4
310.25 0.000776473  2
310.5 0.000116051  1
310.75 3.07294e-05  0
311 0.00384255  4
311.25 0.000781266  2
311.5 0.000116097  1
311.75 3.05465e-05  0
312 0.00386496  4
312.25 0.000796049  2
312.5 0.000117464  1
312.75 3.08535e-05  0
313 0.00391295  4
313.25 0.000785184  2
313.5 0.000115277  1
313.75 2.99815e-05  0
314 0.00378411  4
314.25 0.000747779  2
314.5 0.000110615  1
314.75 2.86066e-05  0
315 0.00392092  4
315.25 0.000771042  2
315.5 0.000116102  1
315.75 3.01056e-05  0
316 0.00391938  4
316.25 0.000782415  2
316.5 0.00011551  1
316.75 2.9683e-05  0
317 0.00419709  4
317.25 0.000802978  2
317.5 0.000119374  1
317.75 3.08709e-05  0
318 0.00431552  4
318.25 0.000844578  2
318.5 0.000124615  1
318.75 3.13075e-05  0
319 0.00423883  4
319.25 0.000840271  2
319.5 0.000123344  1
319.75 3.10508e-05  0
320 0.00394849  4
320.25 0.000779971  2
320.5 0.000114416  1
320.75 2.85156e-05  0
321 0.00394287  4
321.25 0.000771125  2
321.5 0.000112027  1
321.75 2.77422e-05  0
322 0.00399176  4
322.25 0.000775508  2
322.5 0.000112527  1
322.75 2.77808e-05  0
323 0.00377543  4
323.25 0.000738427  2
323.5 0.000106799  1
323.75 2.60975e-05  0
324 0.00398724  5
324.25 0.000774465  2
324.5 0.000115894  1
324.75 2.87169e-05  0
325 0.00396572  4
325.25 0.000798202  2
325.5 0.000114968  1
325.75 2.79167e-05  0
326 0.00371852  4
326.25 0.000745299  2
326.5 0.000108469  1
326.75 2.64694e-05  0
327 0.00369807  4
327.25 0.000728967  2
327.5 0.000106053  1
327.75 2.56055e-05  0
328 0.0035938  4
328.25 0.000725307  2
328.5 0.000105545  1
328.75 2.52328e-05  0
329 0.00380583  4
329.25 0.000761235  2
329.5 0.000110597  1
329.75 2.66599e-05  0
330 0.0039689  4
330.25 0.000782512  2
330.5 0.00011347  1
330.75 2.7286e-05  0
331 0.00429112  4
331.25 0.000839108  2
331.5 0.00012155  1
331.75 2.93117e-05  0
332 0.00397267  4
332.25 0.000771408  2
332.5 0.000111084  1
332.75 2.63687e-05  0
333 0.00393961  4
333.25 0.000765709  2
333.5 0.000110284  1
333.75 2.60154e-05  0
334 0.00402277  4
334.25 0.000765612  2
334.5 0.000110258  1
334.75 2.59027e-05  0
335 0.0037314  4
335.25 0.000726444  2
335.5 0.000102893  1
335.75 2.3144e-05  0
336 0.00393461  5
336.25 0.000747724  2
336.5 0.000111667  1
336.75 2.65095e-05  0
337 0.0040537  5
337.25 0.000777401  2
337.5 0.000114601  1
337.75 2.67892e-05  0
338 0.00366492  5
338.25 0.000719379  2
338.5 0.000104422  1
338.75 2.35044e-05  0
339 0.00383525  5
339.25 0.000737146  2
339.5 0.000106283  1
339.75 2.29088e-05  0
340 0.00366741  5
340.25 0.000706116  2
340.5 0.000101557  1
340.75 2.23907e-05  0
341 0.00360895  4
341.25 0.000728691  2
341.5 0.000103138  1
341.75 2.3231e-05  0
342 0.00380904  4
342.25 0.000755085  2
342.5 0.000106425  1
342.75 2.38101e-05  0
343 0.00415895  5
343.25 0.000803747  2
343.5 0.0001179  1
343.75 2.84451e-05  0
344 0.0040136  5
344.25 0.000775433  2
344.5 0.000113441  1
344.75 2.75239e-05  0
345 0.00374374  5
345.25 0.000724698  2
345.5 0.000104136  1
345.75 2.44044e-05  0
346 0.00374332  5
346.25 0.000731548  2
346.5 0.000104938  1
346.75 2.44109e-05  0
347 0.00373486  5
347.25 0.000734  2
347.5 0.000105939  1
347.75 2.45415e-05  0
348 0.00375384  5
348.25 0.00073841  2
348.5 0.000107197  1
348.75 2.51474e-05  0
349 0.00365425  5
349.25 0.000717123  2
349.5 0.000104412  1
349.75 2.48176e-05  0
350 0.00383968  5
350.25 0.000740576  2
350.5 0.000110156  1
350.75 2.7837e-05  0
351 0.00373209  4
351.25 0.000729006  2
351.5 0.000102108  1
351.75 2.33005e-05  0
352 0.00351857  5
352.25 0.000691598  2
352.5 9.92254e-05  0
352.75 9.92254e-05  0
353 0.00365225  5
353.25 0.000708943  2
353.5 9.92444e-05  0
353.75 9.92444e-05  0
354 0.00372996  5
354.25 0.000735441  2
354.5 0.000102833  1
354.75 2.28005e-05  0
355 0.00377959  5
355.25 0.000749937  2
355.5 0.000105417  1
355.75 2.42875e-05  0
356 0.00368583  5
356.25 0.00072948  2
356.5 0.000102972  1
356.75 2.36182e-05  0
357 0.00393251  5
357.25 0.000761023  2
357.5 0.000109411  1
357.75 2.53415e-05  0
358 0.00395676  5
358.25 0.000753658  2
358.5 0.000110065  1
358.75 2.61226e-05  0
359 0.00415525  5
359.25 0.000781763  2
359.5 0.000116026  1
359.75 2.78109e-05  0
360 0.00377539  5
360.25 0.000716554  2
360.5 0.000105386  1
360.75 2.45961e-05  0
361 0.0035884  5
361.25 0.000695443  2
361.5 0.000100622  1
361.75 2.25655e-05  0
362 0.00358948  5
362.25 0.000707123  2
362.5 0.000101539  1
362.75 2.32777e-05  0
363 0.00370849  5
363.25 0.000728459  2
363.5 0.000104335  1
363.75 2.35222e-05  0
364 0.00343489  5
364.25 0.000674713  2
364.5 9.26745e-05  0
364.75 9.26745e-05  0
365 0.0035989  5
365.25 0.000702861  2
365.5 9.63265e-05  0
365.75 9.63265e-05  0
366 0.00360516  5
366.25 0.000705614  2
366.5 9.71921e-05  0
366.75 9.71921e-05  0
367 0.00359453  5
367.25 0.000695711  2
367.5 9.63188e-05  0
367.75 9.63188e-05  0
368 0.00359579  5
368.25 0.000720361  2
368.5 0.000101662  1
368.75 2.177e-05  0
369 0.00381136  5
369.25 0.000765305  2
369.5 0.000108579  1
369.75 2.44174e-05  0
370 0.00362016  5
370.25 0.000724032  2
370.5 0.000101862  1
370.75 2.15367e-05  0
371 0.00352066  5
371.25 0.000685223  2
371.5 9.50289e-05  0
371.75 9.50289e-05  0
372 0.00348274  5
372.25 0.000658766  2
372.5 9.16604e-05  0
372.75 9.16604e-05  0
373 0.00339805  5
373.25 0.000651457  2
373.5 9.07061e-05  0
373.75 9.07061e-05  0
374 0.00350771  5
374.25 0.000686101  2
374.5 9.62137e-05  0
374.75 9.62137e-05  0
375 0.00359318  5
375.25 0.000711482  2
375.5 0.000100254  1
375.75 1.9357e-05  0
376 0.00364498  5
376.25 0.00072264  2
376.5 0.000101216  1
376.75 1.90153e-05  0
377 0.00358992  5
377.25 0.000719323  2
377.5 0.000101019  1
377.75 1.91948e-05  0
378 0.00346035  5
378.25 0.000682735  2
378.5 9.60049e-05  0
378.75 9.60049e-05  0
379 0.00343512  5
379.25 0.000693115  2
379.5 9.82996e-05  0
379.75 9.82996e-05  0
380 0.00339542  5
380.25 0.000686812  2
380.5 9.80402e-05  0
380.75 9.80402e-05  0
381 0.00313437  5
381.25 0.000623351  2
381.5 8.95701e-05  0
381.75 8.95701e-05  0
382 0.0034195  5
382.25 0.000667771  2
382.5 9.61275e-05  0
382.75 9.61275e-05  0
383 0.003383  5
383.25 0.000649501  2
383.5 9.45641e-05  0
383.75 9.45641e-05  0
384 0.00353286  5
384.25 0.000684433  2
384.5 9.92531e-05  0
384.75 9.92531e-05  0
385 0.00345684  5
385.25 0.000672773  2
385.5 9.72894e-05  0
385.75 9.72894e-05  0
386 0.0036357  5
386.25 0.000684622  2
386.5 0.000102924  1
386.75 2.37352e-05  0
387 0.00380196  5
387.25 0.000696085  2
387.5 0.000106762  1
387.75 2.61187e-05  0
388 0.00381631  5
388.25 0.000697079  2
388.5 0.00010596  1
388.75 2.55028e-05  0
389 0.00357751  5
389.25 0.000662254  2
389.5 9.94888e-05  0
389.75 9.94888e-05  0
390 0.00361283  5
390.25 0.000682112  2
390.5 0.000100027  1
390.75 2.04013e-05  0
391 0.00353308  5
391.25 0.00068629  2
391.5 9.9724e-05  0
391.75 9.9724e-05  0
392 0.00335997  5
392.25 0.000650699  2
392.5 9.53043e-05  0
392.75 9.53043e-05  0
393 0.00342974  5
393.25 0.000676336  2
393.5 9.85454e-05  0
393.75 9.85454e-05  0
394 0.00334795  5
394.25 0.00066614  2
394.5 9.77786e-05  0
394.75 9.77786e-05  0
395 0.00334605  5
395.25 0.00066834  2
395.5 9.84846e-05  0
395.75 9.84846e-05  0
396 0.00338251  5
396.25 0.00065509  2
396.5 9.80668e-05  0
396.75 9.80668e-05  0
397 0.00343457  5
397.25 0.000648296  2
397.5 9.83882e-05  0
397.75 9.83882e-05  0
398 0.00367838  5
398.25 0.000692106  2
398.5 0.000107009  1
398.75 2.51163e-05  0
399 0.00352643  5
399.25 0.000658129  2
399.5 0.000102425  1
399.75 2.43123e-05  0
400 0.00325375  5
400.25 0.000617835  2
400.5 9.52775e-05  0
400.75 9.52775e-05  0
401 0.00320632  5
401.25 0.000614551  2
401.5 9.43978e-05  0
401.75 9.43978e-05  0
402 0.00328518  5
402.25 0.000636441  2
402.5 9.81853e-05  0
402.75 9.81853e-05  0
403 0.00326235  5
403.25 0.000632695  2
403.5 9.67194e-05  0
403.75 9.67194e-05  0
404 0.00365664  5
404.25 0.000695126  2
404.5 0.000107254  1
404.75 2.55902e-05  0
405 0.00380278  5
405.25 0.000713377  2
405.5 0.000112168  1
405.75 2.84273e-05  0
406 0.00376559  5
406.25 0.000709704  2
406.5 0.000111676  1
406.75 2.89774e-05  0
407 0.0035775  5
407.25 0.000673099  2
407.5 0.000105026  1
407.75 2.68303e-05  0
408 0.00350061  5
408.25 0.000666432  2
408.5 0.000102502  1
408.75 2.49094e-05  0
409 0.00341837  5
409.25 0.000658391  2
409.5 0.000100061  1
409.75 2.35629e-05  0
410 0.00338948  5
410.25 0.000660816  2
410.5 9.9475e-05  0
410.75 9.9475e-05  0
411 0.0032676  5
411.25 0.000630924  2
411.5 9.61872e-05  0
411.75 9.61872e-05  0
412 0.00337139  5
412.25 0.000639097  2
412.5 9.83342e-05  0
412.75 9.83342e-05  0
413 0.00358733  5
413.25 0.000674607  2
413.5 0.000104583  1
413.75 2.63556e-05  0
414 0.00350103  5
414.25 0.000652238  2
414.5 0.000101417  1
414.75 2.6092e-05  0
415 0.00352542  5
415.25 0.000649384  2
415.5 0.000102199  1
415.75 2.70855e-05  0
416 0.00351448  5
416.25 0.000646558  2
416.5 0.000101292  1
416.75 2.68024e-05  0
417 0.00335305  5
417.25 0.000620375  2
417.5 9.60444e-05  0
417.75 9.60444e-05  0
418 0.00345493  5
418.25 0.000646907  2
418.5 0.000100997  1
418.75 2.71764e-05  0
419 0.00340802  5
419.25 0.000620274  2
419.5 9.94964e-05  0
419.75 9.94964e-05  0
420 0.00378914  5
420.25 0.000686477  2
420.5 0.000111336  1
420.75 3.22712e-05  0
421 0.0037911  5
421.25 0.000689235  2
421.5 0.000111507  1
421.75 3.2264e-05  0
422 0.00363388  5
422.25 0.000665319  2
422.5 0.000105068  1
422.75 2.90824e-05  0
423 0.00358358  5
423.25 0.000668886  2
423.5 0.000103071  1
423.75 2.71625e-05  0
424 0.00344985  5
424.25 0.00065197  2
424.5 9.93037e-05  0
424.75 9.93037e-05  0
425 0.00340433  5
425.25 0.00064054  2
425.5 9.86522e-05  0
425.75 9.86522e-05  0
426 0.00348259  5
426.25 0.000656644  2
426.5 0.000100626  1
426.75 2.6315e-05  0
427 0.00355614  5
427.25 0.00066884  2
427.5 0.000101792  1
427.75 2.675e-05  0
428 0.00360111  5
428.25 0.000662819  2
428.5 0.000103174  1
428.75 2.80923e-05  0
429 0.00365693  5
429.25 0.000665926  2
429.5 0.000104043  1
429.75 2.83336e-05  0
430 0.00365185  5
430.25 0.000660322  2
430.5 0.000104015  1
430.75 2.8765e-05  0
431 0.00343698  5
431.25 0.000618652  2
431.5 9.82901e-05  0
431.75 9.82901e-05  0
432 0.00351167  5
432.25 0.000645132  2
432.5 0.000100431  1
432.75 2.72356e-05  0
433 0.00346932  5
433.25 0.000631967  2
433.5 9.76838e-05  0
433.75 9.76838e-05  0
434 0.00353349  5
434.25 0.000639633  2
434.5 0.000100093  1
434.75 2.70327e-05  0
435 0.00346168  5
435.25 0.000631645  2
435.5 9.74694e-05  0
435.75 9.74694e-05  0
436 0.00359982  5
436.25 0.000668524  2
436.5 0.000102823  1
436.75 2.75019e-05  0
437 0.0035493  5
437.25 0.00066139  2
437.5 0.000101319  1
437.75 2.69618e-05  0
438 0.00351532  5
438.25 0.000659427  2
438.5 0.000100719  1
438.75 2.62624e-05  0
439 0.00340292  5
439.25 0.000655495  2
439.5 0.000100559  1
439.75 2.66714e-05  0
440 0.00336782  5
440.25 0.000642025  2
440.5 0.00010036  1
440.75 2.75303e-05  0
441 0.00355383  5
441.25 0.000647327  2
441.5 0.000104662  1
441.75 3.0407e-05  0
442 0.00353377  5
442.25 0.000634492  2
442.5 0.000102635  1
442.75 2.99566e-05  0
443 0.00333645  5
443.25 0.00060932  2
443.5 9.72484e-05  0
443.75 9.72484e-05  0
444 0.00334352  5
444.25 0.000611838  2
444.5 9.80575e-05  0
444.75 9.80575e-05  0
445 0.00335823  5
445.25 0.000603976  2
445.5 9.80211e-05  0
445.75 9.80211e-05  0
446 0.00346813  5
446.25 0.000611187  2
446.5 0.000101448  1
446.75 2.99875e-05  0
447 0.00328826  5
447.25 0.000592691  2
447.5 9.64628e-05  0
447.75 9.64628e-05  0
448 0.00355723  5
448.25 0.000637164  2
448.5 0.000105908  1
448.75 3.05739e-05  0
449 0.0038001  5
449.25 0.000677952  2
449.5 0.00011228  1
449.75 3.25506e-05  0
450 0.00380891  5
450.25 0.00067186  2
450.5 0.000112191  1
450.75 3.30363e-05  0
451 0.00379156  5
451.25 0.000661675  2
451.5 0.000113392  1
451.75 3.48473e-05  0
452 0.00365358  5
452.25 0.000635213  2
452.5 0.000107327  1
452.75 3.26325e-05  0
453 0.00363692  5
453.25 0.000640141  2
453.5 0.000107754  1
453.75 3.16205e-05  0
454 0.00346115  5
454.25 0.000605786  2
454.5 0.00010194  1
454.75 2.94318e-05  0
455 0.00353806  5
455.25 0.000621771  2
455.5 0.0001065  1
455.75 3.16316e-05  0
456 0.00356906  5
456.25 0.000627164  2
456.5 0.000107604  1
456.75 3.12637e-05  0
457 0.00380187  5
457.25 0.000664775  2
457.5 0.000117829  1
457.75 3.6318e-05  0
458 0.00380517  5
458.25 0.000664485  2
458.5 0.000121892  1
458.75 3.91992e-05  0
459 0.00365837  5
459.25 0.000633074  2
459.5 0.000115786  1
459.75 3.72739e-05  0
460 0.0034078  5
460.25 0.000595751  2
460.5 0.000105808  1
460.75 3.29357e-05  0
461 0.00343698  5
461.25 0.000611713  2
461.5 0.000107214  1
461.75 3.26037e-05  0
462 0.00340014  5
462.25 0.000600316  2
462.5 0.000104988  1
462.75 3.18846e-05  0
463 0.00353706  5
463.25 0.000624433  2
463.5 0.000109749  1
463.75 3.34574e-05  0
464 0.00366949  5
464.25 0.000651878  2
464.5 0.000113222  1
464.75 3.35521e-05  0
465 0.00361199  5
465.25 0.000646701  2
465.5 0.000113241  1
465.75 3.28254e-05  0
466 0.00370607  5
466.25 0.000670452  2
466.5 0.00011691  1
466.75 3.34362e-05  0
467 0.00330142  5
467.25 0.000608629  2
467.5 0.000100213  1
467.75 2.57327e-05  0
468 0.00329777  5
468.25 0.000617948  2
468.5 9.88643e-05  0
468.75 9.88643e-05  0
469 0.00337648  5
469.25 0.000627676  2
469.5 0.000102297  1
469.75 2.64867e-05  0
470 0.00335578  5
470.25 0.000617204  2
470.5 0.000101127  1
470.75 2.64583e-05  0
471 0.00358105  5
471.25 0.000651547  2
471.5 0.00010917  1
471.75 3.01571e-05  0
472 0.00348574  5
472.25 0.000627383  2
472.5 0.0001056  1
472.75 2.91638e-05  0
473 0.00366325  5
473.25 0.00065609  2
473.5 0.000112583  1
473.75 3.20003e-05  0
474 0.00382056  5
474.25 0.00067842  2
474.5 0.000119987  1
474.75 3.63921e-05  0
475 0.00343767  5
475.25 0.000613019  2
475.5 0.000106635  1
475.75 3.13885e-05  0
476 0.00344515  5
476.25 0.000625075  2
476.5 0.000105526  1
476.75 2.93173e-05  0
477 0.00350007  5
477.25 0.000640007  2
477.5 0.000107905  1
477.75 2.94797e-05  0
478 0.00321488  5
478.25 0.000592582  2
478.5 9.8211e-05  0
478.75 9.8211e-05  0
479 0.00329886  5
479.25 0.000608422  2
479.5 0.00010248  1
479.75 2.79612e-05  0
480 0.00313575  5
480.25 0.000575577  2
480.5 9.74991e-05  0
480.75 9.74991e-05  0
481 0.0034147  5
481.25 0.000631402  2
481.5 0.000107305  1
481.75 2.88321e-05  0
482 0.00339964  5
482.25 0.000618006  2
482.5 0.00010524  1
482.75 2.86028e-05  0
483 0.00342523  5
483.25 0.000622987  2
483.5 0.000104743  1
483.75 2.88159e-05  0
484 0.00349185  5
484.25 0.000642683  2
484.5 0.000103681  1
484.75 2.71758e-05  0
485 0.0032622  5
485.25 0.000601798  2
485.5 9.62093e-05  0
485.75 9.62093e-05  0
486 0.00326591  5
486.25 0.000617726  2
486.5 9.45771e-05  0
486.75 9.45771e-05  0
487 0.00322745  5
487.25 0.000615778  2
487.5 9.32763e-05  0
487.75 9.32763e-05  0
488 0.00340898  5
488.25 0.000641141  2
488.5 9.76906e-05  0
488.75 9.76906e-05  0
489 0.00344101  5
489.25 0.000632613  2
489.5 9.99619e-05  0
489.75 9.99619e-05  0
490 0.0034517  5
490.25 0.000639134  2
490.5 9.97181e-05  0
490.75 9.97181e-05  0
491 0.00353034  5
491.25 0.000655397  2
491.5 0.000104586  1
491.75 2.59954e-05  0
492 0.00332773  5
492.25 0.000610324  2
492.5 9.76898e-05  0
492.75 9.76898e-05  0
493 0.00327229  5
493.25 0.000599167  2
493.5 9.50663e-05  0
493.75 9.50663e-05  0
494 0.00309788  5
494.25 0.000569948  2
494.5 8.74986e-05  0
494.75 8.74986e-05  0
495 0.00309961  5
495.25 0.00058998  2
495.5 8.88514e-05  0
495.75 8.88514e-05  0
496 0.0032266  5
496.25 0.000625711  2
496.5 9.28243e-05  0
496.75 9.28243e-05  0
497 0.00321021  5
497.25 0.000610344  2
497.5 9.19493e-05  0
497.75 9.19493e-05  0
498 0.00325065  5
498.25 0.000613443  2
498.5 9.19336e-05  0
498.75 9.19336e-05  0
499 0.0031609  5
499.25 0.000606705  2
499.5 9.07266e-05  0
499.75 9.07266e-05  0
500 0.0032453  5
500.25 0.00061741  2
500.5 9.2732e-05  0
500.75 9.2732e-05  0
501 0.00335853  5
501.25 0.000646509  2
501.5 9.57376e-05  0
501.75 9.57376e-05  0
502 0.0033376  5
502.25 0.000638132  2
502.5 9.45343e-05  0
502.75 9.45343e-05  0
503 0.00336866  5
503.25 0.000635257  2
503.5 9.48382e-05  0
503.75 9.48382e-05  0
504 0.00336227  5
504.25 0.000646486  2
504.5 9.41009e-05  0
504.75 9.41009e-05  0
505 0.00311795  5
505.25 0.000607523  2
505.5 8.77687e-05  0
505.75 8.77687e-05  0
506 0.00314478  5
506.25 0.000620575  2
506.5 8.94348e-05  0
506.75 8.94348e-05  0
507 0.00314005  5
507.25 0.000619691  2
507.5 8.93375e-05  0
507.75 8.93375e-05  0
508 0.00295883  5
508.25 0.000581469  2
508.5 8.32541e-05  0
508.75 8.32541e-05  0
509 0.00301234  5
509.25 0.000587327  2
509.5 8.41598e-05  0
509.75 8.41598e-05  0
510 0.00325213  5
510.25 0.000637666  2
510.5 9.05201e-05  0
510.75 9.05201e-05  0
511 0.00339377  5
511.25 0.000669964  2
511.5 9.47041e-05  0
511.75 9.47041e-05  0
512 0.003305  5
512.25 0.000655659  2
512.5 9.30088e-05  0
512.75 9.30088e-05  0
513 0.00314952  5
513.25 0.000621478  2
513.5 8.88307e-05  0
513.75 8.88307e-05  0
514 0.00321538  5
514.25 0.000626979  2
514.5 8.94388e-05  0
514.75 8.94388e-05  0
515 0.0033486  5
515.25 0.00064544  2
515.5 9.16906e-05  0
515.75 9.16906e-05  0
516 0.00324434  5
516.25 0.000624893  2
516.5 8.84966e-05  0
516.75 8.84966e-05  0
517 0.00329114  5
517.25 0.000627144  2
517.5 8.90479e-05  0
517.75 8.90479e-05  0
518 0.00328769  5
518.25 0.000650471  2
518.5 9.13419e-05  0
518.75 9.13419e-05  0
519 0.00309899  5
519.25 0.000615694  2
519.5 8.66476e-05  0
519.75 8.66476e-05  0
520 0.00304388  5
520.25 0.000605065  2
520.5 8.51831e-05  0
520.75 8.51831e-05  0
521 0.00317089  5
521.25 0.000625899  2
521.5 8.83278e-05  0
521.75 8.83278e-05  0
522 0.0034361  5
522.25 0.000668755  2
522.5 9.49416e-05  0
522.75 9.49416e-05  0
523 0.00342233  5
523.25 0.000666103  2
523.5 9.4275e-05  0
523.75 9.4275e-05  0
524 0.0033356  5
524.25 0.000648139  2
524.5 9.16551e-05  0
524.75 9.16551e-05  0
525 0.00334717  5
525.25 0.000649596  2
525.5 9.21317e-05  0
525.75 9.21317e-05  0
526 0.00334315  5
526.25 0.000646673  2
526.5 9.15294e-05  0
526.75 9.15294e-05  0
527 0.00322407  5
527.25 0.000635332  2
527.5 8.91773e-05  0
527.75 8.91773e-05  0
528 0.00322169  5
528.25 0.00061702  2
528.5 8.73447e-05  0
528.75 8.73447e-05  0
529 0.00340846  5
529.25 0.000646062  2
529.5 9.2366e-05  0
529.75 9.2366e-05  0
530 0.00341495  5
530.25 0.000664465  2
530.5 9.41652e-05  0
530.75 9.41652e-05  0
531 0.0032519  5
531.25 0.000642422  2
531.5 9.07361e-05  0
531.75 9.07361e-05  0
532 0.00313839  4
532.25 0.000639797  2
532.5 9.17335e-05  0
532.75 9.17335e-05  0
533 0.00309806  4
533.25 0.000638442  2
533.5 8.98138e-05  0
533.75 8.98138e-05  0
534 0.00317606  4
534.25 0.000650638  2
534.5 9.11603e-05  0
534.75 9.11603e-05  0
535 0.00326922  4
535.25 0.000667628  2
535.5 9.33359e-05  0
535.75 9.33359e-05  0
536 0.00313511  4
536.25 0.000635044  2
536.5 8.89824e-05  0
536.75 8.89824e-05  0
537 0.00336147  4
537.25 0.000668741  2
537.5 9.18081e-05  0
537.75 9.18081e-05  0
538 0.00337905  4
538.25 0.000670789  2
538.5 9.22139e-05  0
538.75 9.22139e-05  0
539 0.00323251  4
539.25 0.000649469  2
539.5 9.00258e-05  0
539.75 9.00258e-05  0
540 0.00324539  4
540.25 0.000663496  2
540.5 9.4406e-05  0
540.75 9.4406e-05  0
541 0.0033594  4
541.25 0.000662319  2
541.5 9.79917e-05  0
541.75 9.79917e-05  0
542 0.00349772  5
542.25 0.000663279  2
542.5 9.57193e-05  0
542.75 9.57193e-05  0
543 0.00322119  4
543.25 0.000642837  2
543.5 9.40426e-05  0
543.75 9.40426e-05  0
544 0.00319687  4
544.25 0.000653072  2
544.5 9.39152e-05  0
544.75 9.39152e-05  0
545 0.00317044  4
545.25 0.000636561  2
545.5 9.29395e-05  0
545.75 9.29395e-05  0
546 0.00309326  4
546.25 0.000623671  2
546.5 9.04456e-05  0
546.75 9.04456e-05  0
547 0.00327798  4
547.25 0.00066362  2
547.5 9.50133e-05  0
547.75 9.50133e-05  0
548 0.0031859  4
548.25 0.000642379  2
548.5 9.19571e-05  0
548.75 9.19571e-05  0
549 0.0032524  4
549.25 0.000655323  2
549.5 9.40437e-05  0
549.75 9.40437e-05  0
550 0.0034002  4
550.25 0.000684531  2
550.5 9.71945e-05  0
550.75 9.71945e-05  0
551 0.00331067  4
551.25 0.000656329  2
551.5 9.38717e-05  0
551.75 9.38717e-05  0
552 0.00338213  4
552.25 0.00068009  2
552.5 9.79653e-05  0
552.75 9.79653e-05  0
553 0.00331481  4
553.25 0.000675056  2
553.5 9.90446e-05  0
553.75 9.90446e-05  0
554 0.00318751  4
554.25 0.00063726  2
554.5 9.53192e-05  0
554.75 9.53192e-05  0
555 0.00311707  4
555.25 0.000632283  2
555.5 9.33631e-05  0
555.75 9.33631e-05  0
556 0.0030786  4
556.25 0.000639445  2
556.5 9.26451e-05  0
556.75 9.26451e-05  0
557 0.00305066  4
557.25 0.000633912  2
557.5 9.17468e-05  0
557.75 9.17468e-05  0
558 0.0029848  4
558.25 0.000614804  2
558.5 8.99655e-05  0
558.75 8.99655e-05  0
559 0.00307356  4
559.25 0.000622913  2
559.5 9.24722e-05  0
559.75 9.24722e-05  0
560 0.00319319  4
560.25 0.000637141  2
560.5 9.62036e-05  0
560.75 9.62036e-05  0
561 0.00324972  4
561.25 0.00065718  2
561.5 9.88852e-05  0
561.75 9.88852e-05  0
562 0.00326219  4
562.25 0.000668725  2
562.5 0.000100122  1
562.75 2.63258e-05  0
563 0.00328114  4
563.25 0.00067278  2
563.5 9.94407e-05  0
563.75 9.94407e-05  0
564 0.00326582  4
564.25 0.000670287  2
564.5 0.000101472  1
564.75 2.6933e-05  0
565 0.00326642  4
565.25 0.000664439  2
565.5 9.99401e-05  0
565.75 9.99401e-05  0
566 0.00317372  4
566.25 0.000638313  2
566.5 9.81153e-05  0
566.75 9.81153e-05  0
567 0.00312564  4
567.25 0.000623057  2
567.5 9.58699e-05  0
567.75 9.58699e-05  0
568 0.00305741  4
568.25 0.000617276  2
568.5 9.49127e-05  0
568.75 9.49127e-05  0
569 0.00313072  4
569.25 0.000641299  2
569.5 9.8189e-05  0
569.75 9.8189e-05  0
570 0.0030259  4
570.25 0.000623433  2
570.5 9.48238e-05  0
570.75 9.48238e-05  0
571 0.0031625  4
571.25 0.000642498  2
571.5 9.80146e-05  0
571.75 9.80146e-05  0
572 0.00315337  4
572.25 0.000638234  2
572.5 9.90852e-05  0
572.75 9.90852e-05  0
573 0.00342475  4
573.25 0.000697625  2
573.5 0.000108653  1
573.75 2.90154e-05  0
574 0.00337115  4
574.25 0.000676125  2
574.5 0.000106352  1
574.75 2.89686e-05  0
575 0.00317592  4
575.25 0.000637996  2
575.5 9.77121e-05  0
575.75 9.77121e-05  0
576 0.00327771  4
576.25 0.000653134  2
576.5 9.89837e-05  0
576.75 9.89837e-05  0
577 0.00324466  4
577.25 0.000651215  2
577.5 9.86888e-05  0
577.75 9.86888e-05  0
578 0.00306813  4
578.25 0.000621292  2
578.5 9.52802e-05  0
578.75 9.52802e-05  0
579 0.00303885  4
579.25 0.000612584  2
579.5 9.59106e-05  0
579.75 9.59106e-05  0
580 0.00316174  4
580.25 0.000631155  2
580.5 0.00010071  1
580.75 2.80182e-05  0
581 0.00318406  4
581.25 0.000639088  2
581.5 0.000100554  1
581.75 2.72199e-05  0
582 0.00307117  4
582.25 0.000620895  2
582.5 9.78799e-05  0
582.75 9.78799e-05  0
583 0.00321918  4
583.25 0.000664569  2
583.5 0.000104458  1
583.75 2.8121e-05  0
584 0.00340158  4
584.25 0.000704409  2
584.5 0.000109393  1
584.75 2.92158e-05  0
585 0.0031261  4
585.25 0.000637811  2
585.5 9.85867e-05  0
585.75 9.85867e-05  0
586 0.00314259  3
586.25 0.000633751  2
586.5 0.000105985  1
586.75 2.90356e-05  0
587 0.00318686  4
587.25 0.000635668  2
587.5 9.7341e-05  0
587.75 9.7341e-05  0
588 0.00308383  3
588.25 0.000613106  2
588.5 0.000103401  1
588.75 2.87396e-05  0
589 0.0031764  4
589.25 0.000632811  2
589.5 9.89378e-05  0
589.75 9.89378e-05  0
590 0.00320298  4
590.25 0.00064129  2
590.5 0.000102584  1
590.75 2.84309e-05  0
591 0.00311058  4
591.25 0.000633596  2
591.5 9.8709e-05  0
591.75 9.8709e-05  0
592 0.00316046  4
592.25 0.000651571  2
592.5 0.000102158  1
592.75 2.70014e-05  0
593 0.00328968  4
593.25 0.000667393  2
593.5 0.000105832  1
593.75 2.85769e-05  0
594 0.0032676  4
594.25 0.000670284  2
594.5 0.000104525  1
594.75 2.78802e-05  0
595 0.00313114  3
595.25 0.000636737  2
595.5 0.000105794  1
595.75 2.91337e-05  0
596 0.00310579  3
596.25 0.000615905  2
596.5 0.000101689  1
596.75 2.76448e-05  0
597 0.00305782  3
597.25 0.000612764  2
597.5 0.000103405  1
597.75 2.85852e-05  0
598 0.00328155  3
598.25 0.000655381  2
598.5 0.00010917  1
598.75 2.99137e-05  0
599 0.00322382  3
599.25 0.000643721  2
599.5 0.000106641  1
599.75 2.93908e-05  0
