#time   totalV   totalAV   Vchange   AVchange   Tchange   ATchange
0    1e+11    1e+11    0    0    0    0    
1    1e+11    1e+11    5.52656e-10    -2.4414e-15    2.55698e-16    2.55698e-16    
2    1.00071e+11    1e+11    0.000704688    -2.4414e-15    -3.83548e-16    2.55698e-16    
3    1.0005e+11    1e+11    0.000496178    -2.13623e-15    1.04305e-11    -3.83548e-16    
4    1.00073e+11    1e+11    0.000730294    -1.2207e-15    9.2805e-11    0    
5    1.00096e+11    1e+11    0.000956244    -1.37329e-15    4.55435e-10    -2.55698e-16    
6    1.00097e+11    1e+11    0.000971217    6.1035e-16    6.4619e-10    -3.83548e-16    
7    1.00053e+11    1e+11    0.000533191    -2.13623e-15    2.71721e-10    -3.83548e-16    
8    1.00033e+11    1e+11    0.000330577    -9.15526e-16    -1.74424e-09    1.53419e-15    
9    1.00035e+11    1e+11    0.000351175    -2.4414e-15    -6.46342e-09    -7.67095e-16    
10    1.00059e+11    1e+11    0.000591425    -6.1035e-16    -1.42361e-08    -2.55698e-16    
11    1.00061e+11    1e+11    0.000609843    -2.13623e-15    -2.532e-08    3.83548e-16    
12    1.0004e+11    1e+11    0.000400313    -4.27245e-15    -3.8345e-08    3.83548e-16    
13    1.00042e+11    1e+11    0.000419548    -1.2207e-15    -5.07362e-08    -1.27849e-16    
14    1.00022e+11    1e+11    0.000213966    7.62938e-16    -5.73179e-08    -5.11397e-16    
15    1.00001e+11    1e+11    6.77916e-06    -2.4414e-15    -5.21038e-08    -2.55698e-16    
16    9.99805e+10    1e+11    -0.000197048    7.62938e-16    -2.60805e-08    2.04559e-15    
17    9.99832e+10    1e+11    -0.000170167    -3.20434e-15    2.64752e-08    -1.91774e-15    
18    1.00008e+11    1e+11    7.51419e-05    -2.74658e-15    1.05894e-07    1.02279e-15    
19    1.0001e+11    1e+11    9.59421e-05    -2.74658e-15    2.16288e-07    5.11397e-16    
20    9.99896e+10    1e+11    -0.000106057    -6.1035e-16    3.74643e-07    -1.02279e-15    
21    1.00035e+11    1e+11    0.000349776    -3.50952e-15    4.62943e-07    -5.11397e-16    
22    1.00038e+11    1e+11    0.00037471    3.05175e-16    6.89771e-07    -2.55698e-16    
23    1.00041e+11    1e+11    0.00040341    -9.15526e-16    9.54728e-07    1.27849e-16    
24    1.00021e+11    1e+11    0.000204214    3.05175e-16    1.24079e-06    7.67095e-16    
25    1.00046e+11    1e+11    0.000456598    -1.06811e-15    1.51721e-06    5.11397e-16    
26    1.00048e+11    1e+11    0.000481896    7.62938e-16    1.73904e-06    1.27849e-16    
27    1.00028e+11    1e+11    0.000278609    -7.62938e-16    1.87881e-06    7.67095e-16    
28    1.00009e+11    1e+11    8.98409e-05    -2.4414e-15    1.97066e-06    2.55698e-16    
29    1.00012e+11    1e+11    0.000121153    -2.4414e-15    1.76883e-06    -2.55698e-16    
30    9.9995e+10    1e+11    -5.16144e-05    -3.05175e-16    1.37874e-06    2.55698e-16    
31    9.99992e+10    1e+11    -9.54044e-06    -3.81469e-15    4.44106e-07    -1.66204e-15    
32    1.00003e+11    1e+11    2.54117e-05    1.52588e-15    -7.82307e-07    1.27849e-15    
33    9.99602e+10    1e+11    -0.000400231    -7.62938e-16    -2.49134e-06    2.42914e-15    
34    9.99406e+10    1e+11    -0.000595777    -2.89916e-15    -4.4974e-06    1.91774e-15    
35    9.99452e+10    1e+11    -0.000549852    -2.28881e-15    -7.01922e-06    1.27849e-15    
36    9.99694e+10    1e+11    -0.000307298    3.05175e-16    -7.14498e-06    -2.30129e-15    
37    9.99524e+10    1e+11    -0.000477732    -1.37329e-15    -1.00558e-05    1.53419e-15    
38    9.99744e+10    1e+11    -0.000257288    -1.98364e-15    -8.59218e-06    5.11397e-16    
39    9.99553e+10    1e+11    -0.000448439    -3.50952e-15    -1.30406e-05    1.66204e-15    
40    9.99375e+10    1e+11    -0.000626565    7.62938e-16    -1.8632e-05    -5.11397e-16    
41    9.99656e+10    1e+11    -0.000346207    -3.05175e-16    -2.47002e-05    1.15064e-15    
42    9.99911e+10    1e+11    -9.09209e-05    -4.11987e-15    -2.97806e-05    -2.55698e-16    
43    9.99744e+10    1e+11    -0.000257936    -2.4414e-15    -3.60995e-05    2.55698e-16    
44    1.00045e+11    1e+11    0.000447428    -3.96728e-15    -3.70953e-05    8.94944e-16    
45    1.0005e+11    1e+11    0.000496871    -3.05175e-16    -4.27728e-05    0    
46    1.00009e+11    1e+11    9.15393e-05    -2.13623e-15    -4.79381e-05    1.15064e-15    
47    1.00014e+11    1e+11    0.000136629    9.15526e-16    -5.32826e-05    6.39246e-16    
48    9.99782e+10    1e+11    -0.000219776    3.05175e-16    -6.07844e-05    1.66204e-15    
49    1.00006e+11    1e+11    6.28123e-05    -2.74658e-15    -6.38512e-05    5.11397e-16    
50    1.00014e+11    1e+11    0.000142462    1.37329e-15    -6.37651e-05    1.15064e-15    
51    9.99763e+10    1e+11    -0.000239085    -2.13623e-15    -5.97023e-05    1.27849e-16    
52    9.99664e+10    1e+11    -0.000337589    -4.57763e-16    -2.12228e-05    0    
53    9.9953e+10    1e+11    -0.000471282    -1.98364e-15    -1.19734e-05    -1.27849e-16    
54    9.99843e+10    1e+11    -0.000158997    -1.67846e-15    1.02483e-05    3.83548e-16    
55    9.99726e+10    1e+11    -0.000275338    -3.05175e-16    3.80203e-05    -3.83548e-16    
56    9.99832e+10    1e+11    -0.000169564    -1.06811e-15    7.32818e-05    1.53419e-15    
57    9.99748e+10    1e+11    -0.000254003    -2.13623e-15    0.000115123    1.27849e-16    
58    9.99845e+10    1e+11    -0.000156546    -4.57763e-16    0.000169176    -8.94944e-16    
59    9.99741e+10    1e+11    -0.000261191    -4.57763e-16    0.000225951    1.40634e-15    
60    9.9984e+10    1e+11    -0.000162174    -3.20434e-15    0.000303103    -1.78989e-15    
61    9.99959e+10    1e+11    -4.29922e-05    -2.4414e-15    0.00039648    -1.15064e-15    
62    1.0003e+11    1e+11    0.000300926    1.52588e-16    0.000505943    6.39246e-16    
63    1.00041e+11    1e+11    0.000409871    -2.28881e-15    0.000632931    6.39246e-16    
64    1.0003e+11    1e+11    0.000296754    -9.15526e-16    0.000781136    -1.27849e-16    
65    1.00017e+11    1e+11    0.000170537    -2.89916e-15    0.000948415    1.27849e-16    
66    1.00018e+11    1e+11    0.000179209    -4.27245e-15    0.00118411    1.53419e-15    
67    1.00033e+11    1e+11    0.000323313    -4.57763e-16    0.00140043    -2.55698e-16    
68    1.00001e+11    1e+11    4.13103e-06    -2.4414e-15    0.00175125    0    
69    1.00004e+11    1e+11    3.92791e-05    -2.4414e-15    0.00211405    5.11397e-16    
70    1.00018e+11    1e+11    0.000180428    -1.67846e-15    0.00241804    1.78989e-15    
71    1.00035e+11    1e+11    0.000343755    -1.67846e-15    0.00277179    7.67095e-16    
72    1.0001e+11    1e+11    9.5028e-05    -6.1035e-16    0.0032033    1.02279e-15    
73    1.00001e+11    1e+11    9.31714e-06    -1.37329e-15    0.0035837    1.02279e-15    
74    9.99673e+10    1e+11    -0.000328726    -2.74658e-15    0.00374241    -2.55698e-16    
75    9.99831e+10    1e+11    -0.000171201    -1.98364e-15    0.00429161    1.66204e-15    
76    1.00001e+11    1e+11    9.80505e-06    -2.59399e-15    0.00496827    2.55698e-16    
77    1.00002e+11    1e+11    2.2136e-05    -1.98364e-15    0.00583037    -5.11397e-16    
78    9.99863e+10    1e+11    -0.000138347    -3.05175e-15    0.00603915    6.39246e-16    
79    9.99605e+10    1e+11    -0.000396351    -1.83105e-15    0.0066418    1.78989e-15    
80    9.99469e+10    1e+11    -0.000532882    -2.89916e-15    0.00726975    -1.02279e-15    
81    9.99698e+10    1e+11    -0.000303418    7.62938e-16    0.00764735    3.83548e-16    
82    9.99949e+10    1e+11    -5.28086e-05    -2.4414e-15    0.00799994    -1.27849e-15    
83    9.99929e+10    1e+11    -7.32179e-05    -3.20434e-15    0.00837616    6.39246e-16    
84    9.99759e+10    1e+11    -0.000242263    -4.57763e-15    0.00993054    -1.27849e-16    
85    9.99846e+10    1e+11    -0.000155484    -2.4414e-15    0.008897    -1.02279e-15    
86    9.99725e+10    1e+11    -0.000276554    -2.28881e-15    0.0116014    6.39246e-16    
87    9.99914e+10    1e+11    -8.78114e-05    -4.27245e-15    0.0123869    -3.83548e-16    
88    1.00018e+11    1e+11    0.00018126    -4.57763e-16    0.0124559    1.15064e-15    
89    9.9991e+10    1e+11    -9.19256e-05    -3.35693e-15    0.0105031    0    
90    9.9949e+10    1e+11    -0.000512137    -2.74658e-15    0.0115726    1.15064e-15    
91    9.999e+10    1e+11    -0.000101753    -1.83105e-15    0.0127726    1.27849e-16    
92    9.99969e+10    1e+11    -3.32074e-05    -2.4414e-15    0.0160316    1.40634e-15    
93    1.0001e+11    1e+11    9.9138e-05    -1.83105e-15    0.0151471    1.66204e-15    
94    1.00027e+11    1e+11    0.000270531    -3.05175e-15    0.0207063    6.39246e-16    
95    9.99861e+10    1e+11    -0.000140534    7.62938e-16    0.0131013    8.94944e-16    
96    9.99922e+10    1e+11    -7.99538e-05    -1.83105e-15    0.0140988    1.40634e-15    
97    1.00025e+11    1e+11    0.000252631    1.98364e-15    0.0158603    2.04559e-15    
98    1.00028e+11    1e+11    0.000279312    6.1035e-16    0.0130123    1.78989e-15    
99    9.99743e+10    1e+11    -0.000258801    -3.6621e-15    0.0199326    1.27849e-16    
100    9.99902e+10    1e+11    -9.95324e-05    -2.74658e-15    0.0208375    1.02279e-15    
101    9.99927e+10    1e+11    -7.49696e-05    -1.06811e-15    0.0196437    8.94944e-16    
102    9.99722e+10    1e+11    -0.000279847    -4.42504e-15    0.0134001    -5.11397e-16    
103    9.99587e+10    1e+11    -0.000414323    -3.81469e-15    0.0140816    1.02279e-15    
104    9.99696e+10    1e+11    -0.000305801    -1.52588e-15    0.0160071    4.09117e-15    
105    9.99489e+10    1e+11    -0.000512892    -2.4414e-15    0.0214499    -3.83548e-16    
106    9.99384e+10    1e+11    -0.000617784    -1.37329e-15    0.0183153    -8.94944e-16    
107    9.9934e+10    1e+11    -0.000661299    -3.05175e-15    0.0280039    2.68483e-15    
108    9.99176e+10    1e+11    -0.000826228    -1.52588e-15    0.0144367    2.94053e-15    
109    9.99052e+10    1e+11    -0.000950054    -1.98364e-15    0.0146332    3.19623e-15    
110    9.98731e+10    1e+11    -0.00127048    9.15526e-16    0.0129549    -1.78989e-15    
111    9.98743e+10    1e+11    -0.00125886    -1.06811e-15    0.0106795    2.42914e-15    
112    9.98957e+10    1e+11    -0.00104497    -2.59399e-15    0.0197239    6.39246e-16    
113    9.99039e+10    1e+11    -0.000963025    -4.27245e-15    0.0190674    1.27849e-15    
114    9.98963e+10    1e+11    -0.00103841    -1.37329e-15    0.0175583    -1.66204e-15    
115    9.99048e+10    1e+11    -0.000953397    -3.96728e-15    0.0141006    -6.39246e-16    
116    9.99393e+10    1e+11    -0.000609235    -1.06811e-15    0.00772785    1.66204e-15    
117    9.99354e+10    1e+11    -0.00064773    -1.2207e-15    0.00958875    -7.67095e-16    
118    9.99292e+10    1e+11    -0.000709904    -1.52588e-15    0.0128543    1.27849e-16    
119    9.99228e+10    1e+11    -0.000773856    -1.37329e-15    0.0163625    1.27849e-16    
120    9.99253e+10    1e+11    -0.000748869    -1.52588e-16    0.0145443    1.53419e-15    
121    9.99136e+10    1e+11    -0.00086529    3.05175e-16    0.0199354    1.53419e-15    
122    9.99263e+10    1e+11    -0.000739189    3.05175e-16    0.00929857    2.04559e-15    
123    9.99435e+10    1e+11    -0.000566985    -2.13623e-15    0.00682886    1.66204e-15    
124    9.99624e+10    1e+11    -0.000377747    -1.67846e-15    0.00957443    -1.27849e-16    
125    9.99729e+10    1e+11    -0.000273053    -7.62938e-16    0.0117251    7.67095e-16    
126    9.9962e+10    1e+11    -0.00038131    -2.28881e-15    0.0107837    1.02279e-15    
127    9.99748e+10    1e+11    -0.000253792    -2.4414e-15    0.00896234    2.68483e-15    
128    1.00011e+11    1e+11    0.00010995    1.52588e-16    0.0102138    -8.94944e-16    
129    1.00044e+11    1e+11    0.000440659    -9.15526e-16    0.0133079    -1.40634e-15    
130    1.00044e+11    1e+11    0.000438541    9.15526e-16    0.00583882    -3.83548e-16    
131    1.00023e+11    1e+11    0.000231752    -2.4414e-15    0.00213473    -7.67095e-16    
132    1.00038e+11    1e+11    0.000373541    4.57763e-16    -0.000514777    -3.83548e-16    
133    1.00037e+11    1e+11    0.00036374    -2.59399e-15    0.00379541    1.66204e-15    
134    1.00054e+11    1e+11    0.000540464    -4.11987e-15    0.00572068    -7.67095e-16    
135    1.00024e+11    1e+11    0.000243115    -2.74658e-15    0.00369473    -1.40634e-15    
136    1.00021e+11    1e+11    0.000209544    -2.28881e-15    0.0121027    7.67095e-16    
137    1.00006e+11    1e+11    5.54062e-05    -2.13623e-15    0.0122422    -8.94944e-16    
138    9.99954e+10    1e+11    -4.81296e-05    -2.74658e-15    0.00980827    5.11397e-16    
139    9.99856e+10    1e+11    -0.000146148    0    0.00535657    0    
140    9.9963e+10    1e+11    -0.000371639    -2.28881e-15    0.00164055    1.27849e-15    
141    9.99325e+10    1e+11    -0.000676682    -3.50952e-15    0.000688849    -8.94944e-16    
142    9.99359e+10    1e+11    -0.000642279    -1.06811e-15    0.0055911    1.66204e-15    
143    9.99816e+10    1e+11    -0.000185469    -2.13623e-15    0.0169688    -2.04559e-15    
144    9.99434e+10    1e+11    -0.000567699    -7.62938e-16    0.00759906    1.91774e-15    
145    9.99009e+10    1e+11    -0.000993176    3.05175e-16    0.00337036    1.78989e-15    
146    9.9911e+10    1e+11    -0.000891702    -3.96728e-15    0.00376576    2.81268e-15    
147    9.99639e+10    1e+11    -0.000362441    0    0.00518239    2.17344e-15    
148    9.99442e+10    1e+11    -0.000559746    -1.37329e-15    0.0128425    -1.78989e-15    
149    9.99483e+10    1e+11    -0.000518552    -7.62938e-16    0.0136141    2.30129e-15    
150    9.99157e+10    1e+11    -0.000845233    3.05175e-16    0.00598716    1.78989e-15    
151    9.99308e+10    1e+11    -0.00069374    1.67846e-15    0.007381    -6.39246e-16    
152    9.99424e+10    1e+11    -0.00057725    -2.74658e-15    0.00251393    -1.02279e-15    
153    9.99609e+10    1e+11    -0.000392988    -1.83105e-15    0.00419024    7.67095e-16    
154    9.997e+10    1e+11    -0.00030133    3.05175e-16    0.0104875    1.02279e-15    
155    9.99729e+10    1e+11    -0.000273007    -2.74658e-15    0.0112785    1.66204e-15    
156    9.99814e+10    1e+11    -0.000188219    -3.35693e-15    0.0150927    -1.53419e-15    
157    9.99716e+10    1e+11    -0.000286122    9.15526e-16    0.0073796    -1.27849e-16    
158    9.99546e+10    1e+11    -0.000455266    1.52588e-16    0.00306821    2.04559e-15    
159    9.99643e+10    1e+11    -0.00035906    -1.67846e-15    0.00881769    7.67095e-16    
160    9.99921e+10    1e+11    -8.09331e-05    -4.42504e-15    0.0184488    -1.27849e-16    
161    1.00007e+11    1e+11    6.67496e-05    -2.4414e-15    0.0139609    8.94944e-16    
162    9.999e+10    1e+11    -0.000101902    -1.83105e-15    0.00782737    1.15064e-15    
163    9.99888e+10    1e+11    -0.000114154    -1.52588e-15    0.00767997    1.40634e-15    
164    9.99915e+10    1e+11    -8.70881e-05    -1.06811e-15    0.00824503    -1.02279e-15    
165    9.99839e+10    1e+11    -0.000163165    -1.67846e-15    0.00906748    2.55698e-16    
166    9.99808e+10    1e+11    -0.000194062    -1.37329e-15    0.0127623    -7.67095e-16    
167    9.99869e+10    1e+11    -0.000132646    -3.35693e-15    0.0097154    -3.45193e-15    
168    9.99979e+10    1e+11    -2.25269e-05    -1.37329e-15    0.0100768    -1.02279e-15    
169    9.99703e+10    1e+11    -0.000298253    -1.83105e-15    0.0080386    -6.39246e-16    
170    9.99815e+10    1e+11    -0.000186783    -1.83105e-15    0.00770514    -1.27849e-16    
171    9.99808e+10    1e+11    -0.000193764    -6.1035e-16    0.0117774    -1.27849e-15    
172    9.99963e+10    1e+11    -3.92169e-05    -3.05175e-15    0.00936249    1.15064e-15    
173    9.99961e+10    1e+11    -4.03615e-05    -9.15526e-16    0.0084888    -1.53419e-15    
174    9.99888e+10    1e+11    -0.000113992    -1.83105e-15    0.00605382    -1.02279e-15    
175    1.00006e+11    1e+11    5.76949e-05    -3.05175e-16    0.00691093    3.83548e-16    
176    1.00028e+11    1e+11    0.000278979    -1.98364e-15    0.00665072    2.55698e-16    
177    1.00015e+11    1e+11    0.000146012    -1.37329e-15    0.00652072    1.02279e-15    
178    1.00011e+11    1e+11    0.000109969    -3.05175e-15    0.0068821    1.15064e-15    
179    9.99912e+10    1e+11    -9.01362e-05    -1.52588e-16    0.00753545    1.91774e-15    
180    9.99805e+10    1e+11    -0.000196945    -1.83105e-15    0.00653918    -2.42914e-15    
181    9.99878e+10    1e+11    -0.000123643    3.05175e-16    0.00565536    3.70763e-15    
182    9.99936e+10    1e+11    -6.55197e-05    -3.50952e-15    0.00540956    -2.55698e-16    
183    9.99984e+10    1e+11    -1.74696e-05    -5.03539e-15    0.00549079    1.40634e-15    
184    9.99875e+10    1e+11    -0.000126657    1.67846e-15    0.00486106    -1.27849e-16    
185    9.99728e+10    1e+11    -0.000273916    -2.74658e-15    0.00431268    1.27849e-15    
186    9.9962e+10    1e+11    -0.000381737    -4.57763e-16    0.00385784    2.42914e-15    
187    9.99568e+10    1e+11    -0.000433402    -2.74658e-15    0.00372266    3.83548e-16    
188    9.99755e+10    1e+11    -0.000247217    -9.15526e-16    0.00352342    0    
189    9.99769e+10    1e+11    -0.000232914    -1.52588e-15    0.00315708    1.66204e-15    
190    9.99643e+10    1e+11    -0.000359094    -9.15526e-16    0.00283978    -2.55698e-16    
191    9.99999e+10    1e+11    -2.3062e-06    -1.2207e-15    0.00265383    2.04559e-15    
192    9.99969e+10    1e+11    -3.29447e-05    -1.2207e-15    0.00244061    1.53419e-15    
193    1.00006e+11    1e+11    6.29546e-05    -2.59399e-15    0.00220808    7.67095e-16    
194    1.00008e+11    1e+11    8.24349e-05    -3.81469e-15    0.00200039    -1.15064e-15    
195    1.00006e+11    1e+11    5.66983e-05    -2.74658e-15    0.00186165    2.55698e-16    
196    9.99709e+10    1e+11    -0.000292907    -9.15526e-16    0.00168591    -1.53419e-15    
197    9.99605e+10    1e+11    -0.000397067    -3.96728e-15    0.00152722    5.11397e-16    
198    9.99716e+10    1e+11    -0.000285379    -1.98364e-15    0.00138534    6.39246e-16    
199    9.99602e+10    1e+11    -0.000399486    -1.98364e-15    0.00125612    1.66204e-15    
200    9.99492e+10    1e+11    -0.000509368    -2.13623e-15    0.00113914    4.60257e-15    
201    9.99165e+10    1e+11    -0.000836702    -2.74658e-15    0.00103353    -1.02279e-15    
202    9.99754e+10    1e+11    -0.000247416    -4.73022e-15    0.000939051    2.94053e-15    
203    9.99661e+10    1e+11    -0.000341203    -1.52588e-15    0.000852454    2.55698e-16    
204    9.99795e+10    1e+11    -0.000206496    6.1035e-16    0.000773151    1.40634e-15    
205    1.00023e+11    1e+11    0.000226729    -2.13623e-15    0.000658693    -1.66204e-15    
206    1.00014e+11    1e+11    0.0001419    -2.13623e-15    0.000592416    1.02279e-15    
207    1.00007e+11    1e+11    6.48429e-05    -1.52588e-15    0.000532043    1.66204e-15    
208    9.99989e+10    1e+11    -1.23389e-05    0    0.000478437    -1.53419e-15    
209    9.99713e+10    1e+11    -0.000288423    -2.89916e-15    0.000439571    -2.30129e-15    
210    1.00007e+11    1e+11    6.44057e-05    3.05175e-16    0.000385029    1.27849e-15    
211    1.00039e+11    1e+11    0.000388187    -1.37329e-15    0.000327015    -1.27849e-16    
212    1.00033e+11    1e+11    0.000325145    -2.4414e-15    0.000291089    1.27849e-15    
213    1.00027e+11    1e+11    0.000271688    -3.96728e-15    0.000258225    2.94053e-15    
214    1.00021e+11    1e+11    0.000208431    0    0.000228268    1.27849e-16    
215    1.00015e+11    1e+11    0.000152419    -1.83105e-15    0.000201454    -1.02279e-15    
216    9.99633e+10    1e+11    -0.000368573    -3.05175e-15    0.000177943    5.11397e-16    
217    9.99578e+10    1e+11    -0.000424124    -1.52588e-16    0.000156697    -8.94944e-16    
218    9.99982e+10    1e+11    -1.99066e-05    -3.50952e-15    0.000138327    6.39246e-16    
219    9.99933e+10    1e+11    -6.83668e-05    -4.57763e-16    0.000121728    1.02279e-15    
220    9.99886e+10    1e+11    -0.000115485    -1.52588e-15    0.000107254    -1.27849e-16    
221    9.99611e+10    1e+11    -0.000390619    -1.37329e-15    9.44699e-05    2.55698e-16    
222    9.99801e+10    1e+11    -0.000200864    -9.15526e-16    8.30526e-05    1.02279e-15    
223    9.99526e+10    1e+11    -0.000476061    -1.67846e-15    7.32247e-05    -8.94944e-16    
224    9.99485e+10    1e+11    -0.000516785    9.15526e-16    6.42854e-05    1.91774e-15    
225    9.99677e+10    1e+11    -0.000325109    -2.13623e-15    5.63602e-05    -1.15064e-15    
226    9.99639e+10    1e+11    -0.000362592    -6.1035e-16    4.91809e-05    0    
227    9.99603e+10    1e+11    -0.000398891    1.06811e-15    4.28519e-05    7.67095e-16    
228    9.99793e+10    1e+11    -0.000209055    -2.28881e-15    3.74085e-05    -6.39246e-16    
229    9.9955e+10    1e+11    -0.000451428    -1.67846e-15    3.25284e-05    -1.91774e-15    
230    9.99953e+10    1e+11    -4.84492e-05    -1.52588e-15    2.49168e-05    1.27849e-16    
231    9.99934e+10    1e+11    -6.76643e-05    -4.57763e-16    2.01282e-05    1.02279e-15    
232    1.00013e+11    1e+11    0.000128081    -1.98364e-15    1.69177e-05    -5.11397e-16    
233    1.0001e+11    1e+11    9.67196e-05    -4.57763e-16    1.60076e-05    1.78989e-15    
234    1.00008e+11    1e+11    7.60287e-05    -1.52588e-16    1.42516e-05    -1.15064e-15    
235    1.00027e+11    1e+11    0.000265687    -1.06811e-15    1.29109e-05    -3.83548e-16    
236    1.00001e+11    1e+11    8.7129e-06    -2.28881e-15    1.08507e-05    -2.55698e-16    
237    9.99574e+10    1e+11    -0.000427511    -1.83105e-15    7.67123e-06    1.66204e-15    
238    9.99544e+10    1e+11    -0.000457426    -4.11987e-15    5.99353e-06    1.78989e-15    
239    9.99515e+10    1e+11    -0.00048678    -3.6621e-15    4.57331e-06    8.94944e-16    
240    9.99955e+10    1e+11    -4.66168e-05    -3.20434e-15    1.14915e-06    1.27849e-16    
241    9.9993e+10    1e+11    -7.1278e-05    -2.13623e-15    -5.84392e-07    -1.15064e-15    
242    9.99907e+10    1e+11    -9.51296e-05    -1.06811e-15    -2.09107e-06    1.40634e-15    
243    1.00011e+11    1e+11    0.000110965    1.83105e-15    -3.3978e-06    1.66204e-15    
244    1.00032e+11    1e+11    0.000317468    -1.52588e-15    -4.37954e-06    2.94053e-15    
245    1.00029e+11    1e+11    0.000291163    -2.74658e-15    -5.16792e-06    7.67095e-16    
246    1.00027e+11    1e+11    0.000267563    7.62938e-16    -5.79043e-06    1.53419e-15    
247    1.00025e+11    1e+11    0.000244985    -4.57763e-16    -6.17821e-06    5.11397e-16    
248    1.00045e+11    1e+11    0.000452229    -2.89916e-15    -6.16984e-06    -1.27849e-15    
249    1.00043e+11    1e+11    0.000430706    -1.37329e-15    -5.75165e-06    2.17344e-15    
250    1.00041e+11    1e+11    0.000410521    -5.03539e-15    -4.92486e-06    1.53419e-15    
251    1.00016e+11    1e+11    0.000161159    -2.74658e-15    -3.81662e-06    -2.55698e-15    
252    9.99917e+10    1e+11    -8.45125e-05    -2.13623e-15    -8.13478e-06    1.15064e-15    
253    9.99897e+10    1e+11    -0.000104483    -3.50952e-15    -7.80126e-06    -1.02279e-15    
254    1.0001e+11    1e+11    9.74538e-05    -1.67846e-15    -8.41113e-06    2.17344e-15    
255    1.00031e+11    1e+11    0.000304719    -1.52588e-15    -6.93939e-06    1.27849e-16    
256    1.00074e+11    1e+11    0.000740665    -3.6621e-15    -6.41004e-06    5.11397e-16    
257    1.00072e+11    1e+11    0.000719629    -3.81469e-15    -3.82662e-06    -1.27849e-16    
258    1.00047e+11    1e+11    0.000471253    -3.05175e-16    3.71413e-07    5.11397e-16    
259    1.00045e+11    1e+11    0.000450526    -1.52588e-15    4.1212e-06    0    
260    1.00043e+11    1e+11    0.000428143    -6.1035e-16    8.08605e-06    1.40634e-15    
261    1.00018e+11    1e+11    0.000181751    -1.67846e-15    3.68866e-06    7.67095e-16    
262    1.00016e+11    1e+11    0.000160079    1.2207e-15    6.62698e-06    3.83548e-16    
263    1.00014e+11    1e+11    0.000138245    -1.2207e-15    9.68872e-06    -3.70763e-15    
264    9.99895e+10    1e+11    -0.000107121    -2.28881e-15    1.25565e-05    0    
265    9.99413e+10    1e+11    -0.000589003    -4.57763e-15    1.73845e-05    2.55698e-15    
266    9.9939e+10    1e+11    -0.000611867    -3.05175e-15    2.1484e-05    7.67095e-16    
267    9.99366e+10    1e+11    -0.000635793    -3.05175e-16    2.60825e-05    -1.78989e-15    
268    9.9936e+10    1e+11    -0.000642066    -3.05175e-16    8.27658e-06    3.83548e-16    
269    9.99788e+10    1e+11    -0.000213864    -1.67846e-15    1.27785e-05    1.27849e-15    
270    9.99763e+10    1e+11    -0.000238876    -2.59399e-15    1.76681e-05    1.02279e-15    
271    9.99741e+10    1e+11    -0.000261155    1.67846e-15    2.19312e-05    1.40634e-15    
272    9.99491e+10    1e+11    -0.000510466    -1.06811e-15    2.6643e-05    1.53419e-15    
273    9.99468e+10    1e+11    -0.000533968    -1.06811e-15    3.05992e-05    -1.02279e-15    
274    9.99656e+10    1e+11    -0.000345443    1.52588e-16    5.27623e-05    -1.78989e-15    
275    9.9963e+10    1e+11    -0.000372195    1.37329e-15    5.72669e-05    7.67095e-16    
276    9.9983e+10    1e+11    -0.000171343    -2.4414e-15    6.17306e-05    -2.04559e-15    
277    1.00003e+11    1e+11    2.83516e-05    -1.98364e-15    6.53824e-05    2.81268e-15    
278    1e+11    1e+11    -1.32913e-06    -9.15526e-16    6.76982e-05    2.04559e-15    
279    9.99746e+10    1e+11    -0.000255767    3.05175e-16    6.10395e-05    3.32408e-15    
280    9.99715e+10    1e+11    -0.000286788    -2.13623e-15    5.94089e-05    -6.39246e-16    
281    1.00018e+11    1e+11    0.0001798    6.1035e-16    6.16441e-05    1.78989e-15    
282    1.00015e+11    1e+11    0.000149303    -6.1035e-16    6.24438e-05    4.34687e-15    
283    1.00012e+11    1e+11    0.000115056    -3.05175e-15    6.16938e-05    2.30129e-15    
284    9.99854e+10    1e+11    -0.000147321    -3.05175e-15    5.92331e-05    1.91774e-15    
285    1.00028e+11    1e+11    0.000277821    4.57763e-16    5.48473e-05    6.39246e-16    
286    1.00005e+11    1e+11    4.631e-05    -1.83105e-15    5.03575e-05    -5.11397e-16    
287    1.00002e+11    1e+11    1.60972e-05    -2.89916e-15    4.77622e-05    -1.66204e-15    
288    9.99984e+10    1e+11    -1.76847e-05    -2.28881e-15    4.31565e-05    -6.39246e-16    
289    1.00039e+11    1e+11    0.000385092    7.62938e-16    4.71599e-05    -5.11397e-16    
290    1.00057e+11    1e+11    0.000571716    -1.83105e-15    3.76291e-05    -2.30129e-15    
291    9.99848e+10    1e+11    -0.000154218    -3.05175e-16    2.53878e-05    8.94944e-16    
292    1.00003e+11    1e+11    3.23557e-05    -3.35693e-15    1.03417e-05    -1.66204e-15    
293    9.9999e+10    1e+11    -1.22082e-05    -1.83105e-15    -7.62891e-06    -6.39246e-16    
294    1.00017e+11    1e+11    0.000172059    2.59399e-15    -2.87803e-05    -7.67095e-16    
295    1.00054e+11    1e+11    0.000540742    -1.67846e-15    -2.5394e-05    6.39246e-16    
296    1.00049e+11    1e+11    0.000489665    -3.05175e-16    -5.4654e-05    -3.57978e-15    
297    1.00024e+11    1e+11    0.000238312    -7.62938e-16    -6.0189e-05    -1.53419e-15    
298    9.99978e+10    1e+11    -2.33618e-05    -1.67846e-15    -9.70438e-05    7.67095e-16    
299    9.99922e+10    1e+11    -7.92638e-05    -1.06811e-15    -0.000126037    2.30129e-15    
300    9.997e+10    1e+11    -0.000301952    -2.28881e-15    -3.31457e-05    -1.27849e-16    
301    9.99646e+10    1e+11    -0.00035538    -1.83105e-15    -5.95819e-05    3.83548e-16    
302    1.00028e+11    1e+11    0.000283203    -9.15526e-16    -8.97314e-05    -2.55698e-16    
303    9.99994e+10    1e+11    -7.917e-06    -4.57763e-16    -0.000120542    -5.11397e-16    
304    9.99929e+10    1e+11    -7.29313e-05    -6.1035e-16    -0.000156317    0    
305    9.99855e+10    1e+11    -0.0001463    -2.4414e-15    -0.000195175    -1.02279e-15    
306    1.00002e+11    1e+11    1.8602e-05    4.57763e-16    -0.000235301    1.66204e-15    
307    9.9996e+10    1e+11    -4.14456e-05    -1.52588e-15    -0.00027724    -1.27849e-15    
308    9.99891e+10    1e+11    -0.000110597    1.52588e-16    -0.000325607    -7.67095e-16    
309    9.9958e+10    1e+11    -0.000421706    -1.98364e-15    -0.000381869    -1.27849e-16    
310    9.99484e+10    1e+11    -0.000517444    -2.74658e-15    -0.00044035    0    
311    9.99615e+10    1e+11    -0.000386855    1.83105e-15    -0.000513992    3.83548e-16    
312    9.99514e+10    1e+11    -0.000487711    4.57763e-16    -0.000593694    6.39246e-16    
313    9.99745e+10    1e+11    -0.000256642    3.05175e-16    -0.000835705    -6.39246e-16    
314    9.9988e+10    1e+11    -0.00012132    -1.37329e-15    -0.00091122    -1.15064e-15    
315    1.00001e+11    1e+11    1.32123e-05    6.1035e-16    -0.00098651    2.55698e-16    
316    1.00028e+11    1e+11    0.000277111    -2.4414e-15    -0.00119688    -1.02279e-15    
317    1.0004e+11    1e+11    0.000396229    3.05175e-16    -0.00127364    4.21902e-15    
318    1.00028e+11    1e+11    0.000282189    -7.62938e-16    -0.00135863    2.55698e-16    
319    1.00035e+11    1e+11    0.000347586    -7.62938e-16    -0.00154811    -2.81268e-15    
320    1.00048e+11    1e+11    0.000479179    -1.52588e-16    -0.00165501    1.15064e-15    
321    1.00048e+11    1e+11    0.000480223    -1.37329e-15    -0.00194607    -3.06838e-15    
322    1.00058e+11    1e+11    0.000577177    4.57763e-16    -0.00205589    3.83548e-16    
323    1.00045e+11    1e+11    0.000446193    -7.62938e-16    -0.00218037    6.39246e-16    
324    1.00053e+11    1e+11    0.000526415    -3.50952e-15    -0.00231293    -1.15064e-15    
325    1.00061e+11    1e+11    0.000608985    -1.67846e-15    -0.00245579    1.91774e-15    
326    1.00048e+11    1e+11    0.000477007    -9.15526e-16    -0.00260871    -2.94053e-15    
327    1.00036e+11    1e+11    0.000353662    -7.62938e-16    -0.00277572    -1.66204e-15    
328    1.00009e+11    1e+11    9.07568e-05    -1.67846e-15    -0.00290068    -1.66204e-15    
329    1.00016e+11    1e+11    0.000159936    0    -0.00305484    2.17344e-15    
330    1.00021e+11    1e+11    0.000208321    9.15526e-16    -0.00336808    -1.40634e-15    
331    1.00011e+11    1e+11    0.000103487    -3.6621e-15    -0.00373605    1.15064e-15    
332    9.99981e+10    1e+11    -2.10305e-05    -2.4414e-15    -0.00397488    8.94944e-16    
333    9.99843e+10    1e+11    -0.000158452    -2.89916e-15    -0.00424902    -2.55698e-16    
334    1.00005e+11    1e+11    4.90731e-05    -1.06811e-15    -0.0047434    -6.39246e-16    
335    1.00023e+11    1e+11    0.000228712    -3.35693e-15    -0.0042731    5.11397e-16    
336    1.00025e+11    1e+11    0.000250425    -3.05175e-16    -0.004654    1.27849e-15    
337    1.00029e+11    1e+11    0.000292761    4.57763e-16    -0.00509148    1.78989e-15    
338    1.00015e+11    1e+11    0.000147593    7.62938e-16    -0.00559511    8.94944e-16    
339    9.99928e+10    1e+11    -7.40166e-05    -1.52588e-15    -0.00519068    -5.11397e-16    
340    9.99901e+10    1e+11    -0.000100825    -6.1035e-16    -0.00599364    1.27849e-15    
341    1.00017e+11    1e+11    0.00017309    -1.2207e-15    -0.00586552    -1.91774e-15    
342    1.00022e+11    1e+11    0.000219129    -3.35693e-15    -0.00596302    2.55698e-16    
343    1.00033e+11    1e+11    0.000328938    -9.15526e-16    -0.00675972    2.55698e-15    
344    1.00034e+11    1e+11    0.00033519    -4.57763e-16    -0.00492072    1.02279e-15    
345    1.00042e+11    1e+11    0.000422733    3.05175e-16    -0.00587644    3.83548e-16    
346    1.00031e+11    1e+11    0.000305839    -1.52588e-15    -0.00693561    8.94944e-16    
347    1.00043e+11    1e+11    0.000426633    -9.15526e-16    -0.0054548    0    
348    1.00031e+11    1e+11    0.000303789    -3.05175e-16    -0.00680292    1.15064e-15    
349    1.00034e+11    1e+11    0.000335205    0    -0.00837707    3.83548e-15    
350    1.00055e+11    1e+11    0.000550671    1.2207e-15    -0.00510869    -7.67095e-16    
351    1.00041e+11    1e+11    0.000406591    -2.59399e-15    -0.00685685    5.11397e-16    
352    1.00013e+11    1e+11    0.00012434    -1.67846e-15    -0.0090424    1.27849e-16    
353    1.00005e+11    1e+11    5.18642e-05    -6.1035e-16    -0.00777649    1.66204e-15    
354    1.00018e+11    1e+11    0.000179565    3.05175e-16    -0.00953163    5.11397e-16    
355    1.00013e+11    1e+11    0.000131985    -1.52588e-16    -0.0101405    1.27849e-16    
356    1.00039e+11    1e+11    0.000388402    -1.37329e-15    -0.00747954    7.67095e-16    
357    1.00057e+11    1e+11    0.000564279    -1.52588e-15    -0.00107365    -1.27849e-16    
358    1.00046e+11    1e+11    0.000455906    -1.98364e-15    -0.00373899    1.02279e-15    
359    1.00042e+11    1e+11    0.000416526    -1.37329e-15    -0.00185888    5.11397e-16    
360    1.00055e+11    1e+11    0.000543866    -2.4414e-15    -0.00498371    1.27849e-15    
361    1.00036e+11    1e+11    0.000357654    1.2207e-15    -0.00560268    1.27849e-16    
362    1.00019e+11    1e+11    0.000186231    -9.15526e-16    -0.00405217    -3.83548e-16    
363    9.99998e+10    1e+11    -3.42661e-06    -1.52588e-15    -0.00374249    5.11397e-16    
364    1.00006e+11    1e+11    5.3593e-05    -1.37329e-15    -0.00765022    1.66204e-15    
365    1.00017e+11    1e+11    0.000166098    7.62938e-16    -0.0119098    2.04559e-15    
366    1.00011e+11    1e+11    0.000103736    1.52588e-16    -0.0113881    -1.02279e-15    
367    1.00021e+11    1e+11    0.0002038    -1.06811e-15    -0.00594774    1.40634e-15    
368    1.00017e+11    1e+11    0.000164906    -2.28881e-15    -0.000490805    1.15064e-15    
369    1.00031e+11    1e+11    0.000310531    6.1035e-16    -0.00112019    7.67095e-16    
370    1.00041e+11    1e+11    0.000405514    -1.2207e-15    0.00102203    0    
371    1.00035e+11    1e+11    0.000343691    1.83105e-15    0.00177687    3.45193e-15    
372    1.00022e+11    1e+11    0.000218382    1.06811e-15    -0.00348236    3.45193e-15    
373    9.9992e+10    1e+11    -8.17328e-05    -2.13623e-15    -0.00370102    4.21902e-15    
374    9.99876e+10    1e+11    -0.000125904    -9.15526e-16    -0.00843281    1.02279e-15    
375    9.99887e+10    1e+11    -0.000114774    -7.62938e-16    -0.00830827    5.11397e-16    
376    9.999e+10    1e+11    -0.000101946    -9.15526e-16    -0.00591322    5.11397e-16    
377    1.00014e+11    1e+11    0.000138329    9.15526e-16    0.00371205    1.02279e-15    
378    1.00032e+11    1e+11    0.000316893    1.67846e-15    0.00263885    -6.39246e-16    
379    1.00029e+11    1e+11    0.000290339    -1.52588e-16    0.00317901    -2.55698e-16    
380    9.99902e+10    1e+11    -9.93981e-05    -3.35693e-15    -0.00150318    -3.83548e-16    
381    1.00001e+11    1e+11    1.01968e-05    -2.59399e-15    0.00142534    -7.67095e-16    
382    1.00006e+11    1e+11    5.882e-05    -6.1035e-16    -0.000435263    -1.40634e-15    
383    1.00004e+11    1e+11    4.17279e-05    3.05175e-16    -0.00255265    0    
384    9.9998e+10    1e+11    -2.21516e-05    -1.67846e-15    -0.00706486    -1.78989e-15    
385    1.00002e+11    1e+11    2.03683e-05    -1.2207e-15    -0.00355601    1.27849e-16    
386    1.00001e+11    1e+11    7.37434e-06    -1.06811e-15    0.0037942    2.42914e-15    
387    9.9999e+10    1e+11    -1.22312e-05    -1.67846e-15    0.00306214    -2.55698e-16    
388    1.00005e+11    1e+11    4.98224e-05    -9.15526e-16    0.00182741    2.55698e-16    
389    1.00004e+11    1e+11    3.65669e-05    -3.96728e-15    0.00023895    3.83548e-16    
390    1.00009e+11    1e+11    9.31502e-05    -1.2207e-15    0.000113993    -1.91774e-15    
391    1.0003e+11    1e+11    0.000299969    -2.13623e-15    -0.000880513    -5.11397e-16    
392    1.00003e+11    1e+11    3.28319e-05    -1.98364e-15    -0.00475276    -1.02279e-15    
393    9.99761e+10    1e+11    -0.000241086    -1.52588e-15    -0.000462787    2.04559e-15    
394    9.99683e+10    1e+11    -0.000318416    -3.96728e-15    0.00235383    6.39246e-16    
395    9.9989e+10    1e+11    -0.000111552    -1.52588e-15    0.00102739    3.32408e-15    
396    9.99497e+10    1e+11    -0.000504839    -1.52588e-16    0.00258397    -6.39246e-16    
397    9.99559e+10    1e+11    -0.000442252    -1.83105e-15    0.00254504    -2.55698e-16    
398    9.9956e+10    1e+11    -0.000442169    -1.37329e-15    0.00107928    -5.11397e-16    
399    9.99499e+10    1e+11    -0.00050253    -2.4414e-15    -0.00149096    -1.27849e-16    
400    9.99504e+10    1e+11    -0.000497556    -2.28881e-15    -0.00177791    1.27849e-15    
401    9.99587e+10    1e+11    -0.000414826    -2.4414e-15    -0.00267473    1.15064e-15    
402    9.99814e+10    1e+11    -0.000187481    4.57763e-16    -0.00103097    2.55698e-16    
403    9.99955e+10    1e+11    -4.65945e-05    -2.13623e-15    0.000888121    1.27849e-15    
404    9.99878e+10    1e+11    -0.00012374    -3.20434e-15    0.000227704    -1.27849e-16    
405    9.99941e+10    1e+11    -6.10341e-05    -1.37329e-15    0.00156098    2.55698e-15    
406    9.99738e+10    1e+11    -0.000263425    -7.62938e-16    0.000350716    0    
407    9.99754e+10    1e+11    -0.000247333    -1.67846e-15    -0.000318558    0    
408    9.9955e+10    1e+11    -0.000451779    -3.05175e-16    -0.00124048    -1.27849e-16    
409    9.99622e+10    1e+11    -0.000379451    -2.13623e-15    -0.00074623    1.40634e-15    
410    9.99613e+10    1e+11    -0.000388262    -2.4414e-15    -0.00134493    -1.66204e-15    
411    9.99526e+10    1e+11    -0.000476123    -9.15526e-16    -0.00224172    -7.67095e-16    
412    9.9951e+10    1e+11    -0.000491837    0    -0.00247493    8.94944e-16    
413    9.99546e+10    1e+11    -0.000455988    -3.05175e-16    -0.00338854    3.83548e-16    
414    9.99705e+10    1e+11    -0.000296945    -9.15526e-16    -0.00264089    0    
415    9.9988e+10    1e+11    -0.00012213    -2.89916e-15    -0.00296094    -2.94053e-15    
416    1.00005e+11    1e+11    5.01471e-05    -1.52588e-15    -0.00225455    1.27849e-15    
417    1.00007e+11    1e+11    6.59408e-05    -4.57763e-16    -0.00230934    -6.39246e-16    
418    1.0001e+11    1e+11    0.000102999    -2.28881e-15    -0.00283164    -1.40634e-15    
419    9.99953e+10    1e+11    -4.89435e-05    -1.98364e-15    -0.00322072    -7.67095e-16    
420    1.00001e+11    1e+11    3.52848e-06    -1.98364e-15    -0.00358857    -5.11397e-16    
421    9.99972e+10    1e+11    -2.98806e-05    -1.67846e-15    -0.00415499    1.27849e-16    
422    9.9993e+10    1e+11    -7.15883e-05    -1.06811e-15    -0.00469342    -1.02279e-15    
423    9.99887e+10    1e+11    -0.000114453    -1.37329e-15    -0.00519344    1.27849e-15    
424    9.99288e+10    1e+11    -0.000714141    -2.13623e-15    -0.00546896    2.17344e-15    
425    9.99235e+10    1e+11    -0.000766626    -6.1035e-16    -0.00593873    2.17344e-15    
426    9.99366e+10    1e+11    -0.000635933    -1.52588e-15    -0.00606761    2.04559e-15    
427    9.99521e+10    1e+11    -0.000480831    -3.20434e-15    -0.00613649    -3.83548e-16    
428    9.99509e+10    1e+11    -0.000493159    -1.52588e-15    -0.0065778    -6.39246e-16    
429    9.99505e+10    1e+11    -0.000496337    -4.42504e-15    -0.00702368    -3.83548e-16    
430    9.99321e+10    1e+11    -0.000680847    1.98364e-15    -0.00710701    -6.39246e-16    
431    9.9924e+10    1e+11    -0.000761624    -1.37329e-15    -0.00733739    3.83548e-16    
432    9.99384e+10    1e+11    -0.000618063    -2.74658e-15    -0.00765724    1.53419e-15    
433    9.99528e+10    1e+11    -0.000474163    -1.98364e-15    -0.00791675    -1.27849e-15    
434    1.00002e+11    1e+11    2.20914e-05    -1.52588e-15    -0.00834134    6.39246e-16    
435    9.99964e+10    1e+11    -3.78522e-05    -3.50952e-15    -0.008549    2.55698e-16    
436    9.99909e+10    1e+11    -9.24237e-05    -3.50952e-15    -0.00913123    1.91774e-15    
437    9.99934e+10    1e+11    -6.81918e-05    -2.59399e-15    -0.009486    0    
438    1.00009e+11    1e+11    8.46585e-05    -1.67846e-15    -0.00980663    8.94944e-16    
439    1.00013e+11    1e+11    0.000123888    -2.59399e-15    -0.0100592    3.32408e-15    
440    1.00007e+11    1e+11    7.19575e-05    9.15526e-16    -0.0101533    -7.67095e-16    
441    1.00017e+11    1e+11    0.00016499    -4.57763e-16    -0.0103887    1.27849e-15    
442    1.00014e+11    1e+11    0.000137369    -1.98364e-15    -0.0105543    7.67095e-16    
443    1.00012e+11    1e+11    0.000114845    -3.35693e-15    -0.0106501    -2.30129e-15    
444    9.9995e+10    1e+11    -5.18289e-05    -1.52588e-16    -0.0111607    -7.67095e-16    
445    9.99962e+10    1e+11    -3.93231e-05    -2.13623e-15    -0.0113063    2.55698e-16    
446    9.99958e+10    1e+11    -4.39944e-05    -9.15526e-16    -0.0113532    1.53419e-15    
447    9.99807e+10    1e+11    -0.000194431    -6.1035e-16    -0.0124518    8.94944e-16    
448    9.99811e+10    1e+11    -0.000190822    1.37329e-15    -0.0127682    -1.27849e-16    
449    1.00011e+11    1e+11    0.000111323    3.05175e-16    -0.0124564    -1.15064e-15    
450    1.00011e+11    1e+11    0.000112243    4.57763e-16    -0.0124651    3.83548e-16    
451    9.99953e+10    1e+11    -4.86444e-05    -6.1035e-16    -0.0132786    1.78989e-15    
452    9.99788e+10    1e+11    -0.000213552    -1.2207e-15    -0.012564    1.66204e-15    
453    1e+11    1e+11    -1.05963e-06    -9.15526e-16    -0.0116193    2.68483e-15    
454    9.99919e+10    1e+11    -8.31752e-05    -1.83105e-15    -0.0118869    3.96333e-15    
455    9.99691e+10    1e+11    -0.000310371    -1.06811e-15    -0.0115907    5.11397e-16    
456    9.99534e+10    1e+11    -0.000467655    -3.6621e-15    -0.0126164    5.11397e-16    
457    9.99546e+10    1e+11    -0.000455359    -2.4414e-15    -0.0148742    8.94944e-16    
458    9.99629e+10    1e+11    -0.000373183    -2.89916e-15    -0.0131804    2.42914e-15    
459    9.99446e+10    1e+11    -0.000555361    3.05175e-16    -0.0159455    2.55698e-16    
460    9.99537e+10    1e+11    -0.000464912    -5.03539e-15    -0.0136008    0    
461    9.99563e+10    1e+11    -0.000438888    -2.59399e-15    -0.0128034    2.55698e-16    
462    9.99508e+10    1e+11    -0.000493742    -1.83105e-15    -0.0123536    1.78989e-15    
463    9.99815e+10    1e+11    -0.000186893    -4.57763e-16    -0.00917541    6.39246e-16    
464    9.99701e+10    1e+11    -0.000300673    -1.67846e-15    -0.011449    -1.02279e-15    
465    9.99941e+10    1e+11    -6.03848e-05    -9.15526e-16    -0.0104393    -1.27849e-15    
466    1.00017e+11    1e+11    0.000172946    3.05175e-16    -0.0173543    7.67095e-16    
467    1.00024e+11    1e+11    0.000239801    -4.57763e-15    -0.0138626    1.02279e-15    
468    1.00006e+11    1e+11    6.32418e-05    0    -0.0152133    -1.15064e-15    
469    9.99992e+10    1e+11    -9.44732e-06    4.57763e-16    -0.0162828    1.78989e-15    
470    1.00005e+11    1e+11    4.7948e-05    -3.35693e-15    -0.0117455    1.27849e-15    
471    1.00005e+11    1e+11    4.39529e-05    -1.06811e-15    -0.0096397    2.04559e-15    
472    1.00016e+11    1e+11    0.000154298    7.62938e-16    -0.0096088    1.53419e-15    
473    1.00001e+11    1e+11    5.08926e-06    -1.83105e-15    -0.0122312    -1.40634e-15    
474    1.00001e+11    1e+11    1.28364e-05    -1.2207e-15    -0.0115134    -1.53419e-15    
475    9.99906e+10    1e+11    -9.57684e-05    -3.05175e-16    -0.0177739    -8.94944e-16    
476    1.00005e+11    1e+11    4.33101e-05    -9.15526e-16    -0.0176372    -2.68483e-15    
477    1.00032e+11    1e+11    0.000315353    -7.62938e-16    -0.0121125    2.04559e-15    
478    1.00033e+11    1e+11    0.000328412    -4.57763e-16    -0.0110985    7.67095e-16    
479    9.99973e+10    1e+11    -2.82484e-05    -2.89916e-15    -0.00841475    1.53419e-15    
480    1e+11    1e+11    -7.07227e-07    -1.98364e-15    -0.00589947    2.55698e-16    
481    9.99989e+10    1e+11    -1.25126e-05    0    -0.0097295    2.30129e-15    
482    1.00004e+11    1e+11    3.53512e-05    -6.40868e-15    -0.00817826    -1.15064e-15    
483    1.00019e+11    1e+11    0.000184055    -9.15526e-16    -0.0131528    5.11397e-16    
484    1.00016e+11    1e+11    0.00016253    1.52588e-15    -0.0178603    7.67095e-16    
485    1.00019e+11    1e+11    0.000185088    -1.37329e-15    -0.0128464    1.78989e-15    
486    1.00018e+11    1e+11    0.000173297    1.06811e-15    -0.014545    -5.11397e-16    
487    1.0002e+11    1e+11    0.000194624    -4.11987e-15    -0.00885125    1.27849e-16    
488    1.00031e+11    1e+11    0.000305352    4.57763e-16    -0.003089    2.55698e-16    
489    1.00037e+11    1e+11    0.00036411    -1.98364e-15    -0.00892283    1.15064e-15    
490    1.00034e+11    1e+11    0.000340253    -4.57763e-15    -0.00946901    2.04559e-15    
491    1.00031e+11    1e+11    0.000307745    -1.2207e-15    -0.0112869    0    
492    9.99985e+10    1e+11    -1.64639e-05    -1.98364e-15    -0.0105142    2.42914e-15    
493    9.99794e+10    1e+11    -0.000207603    1.06811e-15    -0.0204166    1.02279e-15    
494    9.99812e+10    1e+11    -0.000190137    -4.57763e-15    -0.0161517    -6.39246e-16    
495    1.00014e+11    1e+11    0.000140731    -2.13623e-15    -0.0115136    -1.53419e-15    
496    1.00009e+11    1e+11    8.85796e-05    -3.6621e-15    -0.0114316    1.15064e-15    
497    1.00034e+11    1e+11    0.00033816    -7.62938e-16    -0.0123697    3.83548e-16    
498    1.00007e+11    1e+11    6.395e-05    3.05175e-16    -0.0113629    1.40634e-15    
499    1.00016e+11    1e+11    0.000154443    -2.89916e-15    -0.00763629    5.11397e-16    
500    9.99949e+10    1e+11    -5.3139e-05    -1.83105e-15    -0.00859572    -6.39246e-16    
501    1.00003e+11    1e+11    3.1175e-05    4.57763e-16    -0.00549711    1.78989e-15    
502    9.99858e+10    1e+11    -0.000143811    -2.13623e-15    -0.0115506    -2.55698e-16    
503    1.00012e+11    1e+11    0.000118394    -4.57763e-16    -0.0138905    7.67095e-16    
504    1.00062e+11    1e+11    0.000619066    -1.37329e-15    -0.0130335    -2.55698e-16    
505    1.00046e+11    1e+11    0.000459224    -3.05175e-16    -0.0111045    -8.94944e-16    
506    1.00049e+11    1e+11    0.000490017    -7.62938e-16    -0.011547    -3.83548e-16    
507    1.0005e+11    1e+11    0.000502381    -1.2207e-15    -0.00958763    6.39246e-16    
508    1.00051e+11    1e+11    0.000512397    -2.4414e-15    -0.00749524    2.42914e-15    
509    1.00056e+11    1e+11    0.000556587    0    -0.00811868    2.04559e-15    
510    1.00062e+11    1e+11    0.000615011    -2.28881e-15    -0.00799365    3.83548e-16    
511    1.00075e+11    1e+11    0.000747929    -1.98364e-15    -0.00627886    1.15064e-15    
512    1.00053e+11    1e+11    0.000532952    -3.35693e-15    -0.0079146    1.53419e-15    
513    1.00032e+11    1e+11    0.000317894    -2.74658e-15    -0.00657764    -1.15064e-15    
514    1.00006e+11    1e+11    5.67386e-05    -1.52588e-16    -0.00723802    1.15064e-15    
515    1.0001e+11    1e+11    9.86469e-05    -1.52588e-15    -0.00756107    -1.66204e-15    
516    1.00006e+11    1e+11    5.94632e-05    -3.50952e-15    -0.00800081    2.42914e-15    
517    9.99941e+10    1e+11    -6.09212e-05    -1.52588e-16    -0.00695502    1.27849e-15    
518    9.9999e+10    1e+11    -1.15303e-05    -2.74658e-15    -0.00667414    8.94944e-16    
519    9.9977e+10    1e+11    -0.000231369    -2.89916e-15    -0.00689081    7.67095e-16    
520    1.00004e+11    1e+11    3.53613e-05    -3.50952e-15    -0.00631219    6.39246e-16    
521    1.00062e+11    1e+11    0.000619586    -1.52588e-16    -0.00559375    0    
522    1.00074e+11    1e+11    0.000743133    -1.98364e-15    -0.00496366    1.27849e-16    
523    1.00064e+11    1e+11    0.000636285    -1.06811e-15    -0.00440759    1.66204e-15    
524    1.00063e+11    1e+11    0.00063076    -1.06811e-15    -0.00497901    -1.27849e-15    
525    1.0006e+11    1e+11    0.000602413    -2.89916e-15    -0.00445678    -7.67095e-16    
526    1.00044e+11    1e+11    0.00043535    -1.67846e-15    -0.00399098    1.27849e-15    
527    1.00037e+11    1e+11    0.000365295    -3.20434e-15    -0.003762    -2.55698e-16    
528    1.00026e+11    1e+11    0.000259542    -2.13623e-15    -0.00377075    1.02279e-15    
529    1.00031e+11    1e+11    0.000310984    -1.37329e-15    -0.00345253    -1.27849e-16    
530    1.00001e+11    1e+11    6.13035e-06    -1.06811e-15    -0.00339722    1.78989e-15    
531    9.99946e+10    1e+11    -5.58274e-05    -2.89916e-15    -0.00311666    3.57978e-15    
532    9.99787e+10    1e+11    -0.000214591    -6.1035e-16    -0.00303555    3.83548e-16    
533    9.99701e+10    1e+11    -0.000301138    -2.13623e-15    -0.00280514    8.94944e-16    
534    9.99837e+10    1e+11    -0.000164669    4.57763e-16    -0.00259842    8.94944e-16    
535    9.99887e+10    1e+11    -0.00011488    -4.57763e-16    -0.00246607    -2.55698e-16    
536    9.99787e+10    1e+11    -0.000214975    1.52588e-15    -0.00229592    7.67095e-16    
537    9.99816e+10    1e+11    -0.000185956    9.15526e-16    -0.00224336    6.39246e-16    
538    9.99942e+10    1e+11    -5.94056e-05    -1.83105e-15    -0.00209494    1.53419e-15    
539    9.99905e+10    1e+11    -9.69322e-05    -2.13623e-15    -0.00194655    2.68483e-15    
540    9.99877e+10    1e+11    -0.000124255    -3.05175e-16    -0.00181248    -1.02279e-15    
541    1.00017e+11    1e+11    0.000165495    7.62938e-16    -0.00170572    2.42914e-15    
542    1.0005e+11    1e+11    0.000498943    -6.1035e-16    -0.00159862    -2.55698e-16    
543    1.00037e+11    1e+11    0.000370374    -1.83105e-15    -0.00149539    1.02279e-15    
544    1.00047e+11    1e+11    0.000472682    0    -0.00140385    8.94944e-16    
545    1.00013e+11    1e+11    0.000127279    0    -0.00131983    1.27849e-15    
546    9.99987e+10    1e+11    -1.46553e-05    -6.1035e-16    -0.00124963    3.83548e-16    
547    1.00011e+11    1e+11    0.000111668    -2.4414e-15    -0.00118283    1.15064e-15    
548    9.99731e+10    1e+11    -0.000271125    6.1035e-16    -0.00111166    6.39246e-16    
549    9.99813e+10    1e+11    -0.000189028    -2.74658e-15    -0.00104992    5.11397e-16    
550    9.99676e+10    1e+11    -0.000325663    -6.1035e-16    -0.000991985    7.67095e-16    
551    9.99992e+10    1e+11    -9.85566e-06    -3.05175e-15    -0.000939292    0    
552    1.00008e+11    1e+11    7.58935e-05    -1.37329e-15    -0.000886532    1.91774e-15    
553    1.00016e+11    1e+11    0.000155198    -2.74658e-15    -0.000836907    7.67095e-16    
554    1.00001e+11    1e+11    4.58582e-06    -2.4414e-15    -0.000791935    3.83548e-16    
555    1.00006e+11    1e+11    5.9936e-05    -6.1035e-16    -0.000752591    1.15064e-15    
556    1.00013e+11    1e+11    0.000130448    -1.98364e-15    -0.0006857    -6.39246e-16    
557    1.0002e+11    1e+11    0.000201875    1.37329e-15    -0.000647125    3.83548e-16    
558    1.00026e+11    1e+11    0.000262082    -1.52588e-15    -0.000571059    1.66204e-15    
559    1.00032e+11    1e+11    0.00032191    -2.59399e-15    -0.00053693    2.04559e-15    
560    1.00018e+11    1e+11    0.000178959    -1.98364e-15    -0.000502455    8.94944e-16    
561    1.00024e+11    1e+11    0.000235086    -1.67846e-15    -0.000473318    -1.27849e-16    
562    1.00011e+11    1e+11    0.000110647    -4.11987e-15    -0.000428241    -5.11397e-16    
563    9.99931e+10    1e+11    -7.10459e-05    1.52588e-16    -0.000400659    1.27849e-16    
564    9.9998e+10    1e+11    -2.21988e-05    -1.2207e-15    -0.00037757    1.27849e-16    
565    1.00003e+11    1e+11    2.55025e-05    -3.05175e-15    -0.000356488    1.02279e-15    
566    1.00003e+11    1e+11    2.36332e-05    9.15526e-16    -0.000355248    2.81268e-15    
567    1.00008e+11    1e+11    8.13535e-05    -2.74658e-15    -0.000342434    1.66204e-15    
568    1.00013e+11    1e+11    0.000123463    -3.20434e-15    -0.000325253    2.04559e-15    
569    1.00017e+11    1e+11    0.000164441    -1.52588e-15    -0.000309246    3.83548e-16    
570    9.99796e+10    1e+11    -0.000205474    -1.37329e-15    -0.00029038    5.11397e-16    
571    9.99833e+10    1e+11    -0.000168282    -3.50952e-15    -0.000279392    5.11397e-16    
572    9.99871e+10    1e+11    -0.000130707    -6.1035e-16    -0.000269679    2.55698e-16    
573    9.99675e+10    1e+11    -0.000326879    -3.50952e-15    -0.000275948    -6.39246e-16    
574    1.00014e+11    1e+11    0.000134289    1.06811e-15    -0.000273768    1.02279e-15    
575    1.00017e+11    1e+11    0.000168506    -2.74658e-15    -0.00026648    -1.53419e-15    
576    9.99741e+10    1e+11    -0.000260428    -1.37329e-15    -0.000267483    1.27849e-15    
577    1e+11    1e+11    1.89977e-06    -1.06811e-15    -0.000213208    6.39246e-16    
578    1.00004e+11    1e+11    3.70006e-05    4.57763e-16    -0.000205868    -5.11397e-16    
579    1.00007e+11    1e+11    6.92942e-05    -2.4414e-15    -0.000199989    7.67095e-16    
580    9.99868e+10    1e+11    -0.000133594    -4.73022e-15    -0.000195779    7.67095e-16    
581    9.99897e+10    1e+11    -0.000104353    -9.15526e-16    -0.000192686    -2.55698e-16    
582    9.99926e+10    1e+11    -7.58688e-05    -1.67846e-15    -0.000191242    1.53419e-15    
583    9.9972e+10    1e+11    -0.000281591    -1.06811e-15    -0.000191012    5.11397e-16    
584    9.99751e+10    1e+11    -0.000250799    -2.89916e-15    -0.000190668    5.11397e-16    
585    9.99993e+10    1e+11    -8.42729e-06    -3.35693e-15    -0.000192615    8.94944e-16    
586    1.00025e+11    1e+11    0.000251346    7.62938e-16    -0.000150088    2.04559e-15    
587    1.00051e+11    1e+11    0.00050646    -1.06811e-15    -8.87827e-05    7.67095e-16    
588    1.0003e+11    1e+11    0.000296503    -3.05175e-15    -7.59106e-05    7.67095e-16    
589    1.00076e+11    1e+11    0.000757745    0    -7.28716e-05    3.83548e-16    
590    1.00055e+11    1e+11    0.000550525    -4.57763e-16    -6.47069e-05    -2.55698e-16    
591    1.0008e+11    1e+11    0.00079821    -2.28881e-15    -1.54321e-05    2.55698e-16    
592    1.00059e+11    1e+11    0.000592833    -3.50952e-15    -1.14349e-05    1.66204e-15    
593    9.99932e+10    1e+11    -6.99056e-05    -4.57763e-16    -5.17816e-05    8.94944e-16    
594    9.99959e+10    1e+11    -4.30664e-05    -2.89916e-15    -4.75836e-05    7.67095e-16    
595    1.0002e+11    1e+11    0.000196741    -7.62938e-16    -4.53384e-05    3.83548e-16    
596    1.00022e+11    1e+11    0.00022283    -1.67846e-15    -3.89731e-05    2.55698e-16    
597    1.00003e+11    1e+11    2.55121e-05    -3.05175e-15    -8.76666e-05    -3.83548e-16    
598    9.9983e+10    1e+11    -0.000171827    9.15526e-16    -7.67767e-05    0    
599    9.99855e+10    1e+11    -0.000146448    -6.1035e-16    -6.40016e-05    1.40634e-15    
600    1.00009e+11    1e+11    9.12076e-05    -2.13623e-15    -6.72542e-05    2.04559e-15    
