#time   energy normalisedChange momentum normalisedChange
# 0 3.70164e+07 3.70164e+07 (800000 0 0) (461880 -0.57735 -0.57735)
0 3.70164e+07 0 (800000 0 0) (0 0 0)
1000 3.70164e+07 -1.76439e-08 (800000 9.38869e-10 0) (-3.21418e-10 1.17359e-15 0)
2000 3.70164e+07 -2.53236e-08 (800000 8.39638e-10 0) (-2.11222e-09 1.04955e-15 0)
3000 3.70164e+07 -2.29053e-08 (800000 -7.26748e-09 0) (-6.00659e-09 -9.08435e-15 0)
4000 3.70164e+07 2.79249e-09 (800000 -3.25726e-08 0) (-1.16777e-08 -4.07158e-14 0)
5000 3.70164e+07 7.48784e-08 (800000 -8.08164e-08 0) (-1.71461e-08 -1.0102e-13 0)
6000 3.70164e+07 2.25603e-07 (800000 -1.47347e-07 0) (-1.77756e-08 -1.84184e-13 0)
7000 3.70164e+07 4.96467e-07 (800000 -2.14143e-07 0) (-5.38387e-09 -2.67678e-13 0)
8000 3.70164e+07 9.37603e-07 (800000 -2.55009e-07 0) (3.20389e-08 -3.18761e-13 0)
9000 3.70165e+07 1.60548e-06 (800000 -2.48569e-07 0) (1.09734e-07 -3.10712e-13 0)
10000 3.70165e+07 2.55883e-06 (800000 -1.92664e-07 0) (2.44757e-07 -2.4083e-13 0)
11000 3.70165e+07 3.85328e-06 (800000 -1.10389e-07 0) (4.54056e-07 -1.37987e-13 0)
12000 3.70166e+07 5.5357e-06 (800001 -4.05474e-08 0) (7.52468e-07 -5.06842e-14 0)
13000 3.70167e+07 7.63917e-06 (800001 -1.40074e-08 0) (1.15096e-06 -1.75092e-14 0)
14000 3.70168e+07 1.01791e-05 (800001 -2.82577e-08 0) (1.65521e-06 -3.53221e-14 0)
15000 3.70169e+07 1.31511e-05 (800002 -3.82025e-08 0) (2.2646e-06 -4.77532e-14 0)
16000 3.7017e+07 1.65306e-05 (800002 2.38584e-08 0) (2.97166e-06 2.9823e-14 0)
17000 3.70171e+07 2.02749e-05 (800003 2.02555e-07 0) (3.7622e-06 2.53193e-13 0)
18000 3.70173e+07 2.43288e-05 (800004 4.71737e-07 0) (4.61688e-06 5.89672e-13 0)
19000 3.70175e+07 2.86334e-05 (800004 7.19521e-07 0) (5.51444e-06 8.99401e-13 0)
20000 3.70176e+07 3.31394e-05 (800005 7.91527e-07 0) (6.43672e-06 9.89409e-13 0)
21000 3.70178e+07 3.78212e-05 (800006 5.8695e-07 0) (7.37421e-06 7.33688e-13 0)
22000 3.7018e+07 4.2688e-05 (800007 1.633e-07 0) (8.33008e-06 2.04125e-13 0)
23000 3.70182e+07 4.77853e-05 (800007 -2.16859e-07 0) (9.32043e-06 -2.71073e-13 0)
24000 3.70184e+07 5.31852e-05 (800008 -1.48663e-07 0) (1.03693e-05 -1.85829e-13 0)
25000 3.70186e+07 5.89642e-05 (800009 7.45377e-07 0) (1.14992e-05 9.31721e-13 0)
26000 3.70188e+07 6.51762e-05 (800010 2.61372e-06 0) (1.27204e-05 3.26715e-12 0)
27000 3.70191e+07 7.18328e-05 (800011 5.26094e-06 0) (1.40235e-05 6.57618e-12 0)
28000 3.70193e+07 7.88994e-05 (800012 8.22006e-06 0) (1.53798e-05 1.02751e-11 0)
29000 3.70196e+07 8.6315e-05 (800013 1.10255e-05 0) (1.67501e-05 1.37818e-11 0)
30000 3.70199e+07 9.4031e-05 (800014 1.35778e-05 0) (1.81005e-05 1.69723e-11 0)
31000 3.70202e+07 0.000102058 (800016 1.64035e-05 0) (1.94183e-05 2.05044e-11 0)
32000 3.70205e+07 0.0001105 (800017 2.06268e-05 0) (2.07203e-05 2.57835e-11 0)
33000 3.70208e+07 0.000119566 (800018 2.76189e-05 0) (2.20505e-05 3.45236e-11 0)
34000 3.70212e+07 0.000129551 (800019 3.84886e-05 0) (2.34659e-05 4.81108e-11 0)
35000 3.70216e+07 0.000140795 (800020 5.37397e-05 0) (2.50169e-05 6.71746e-11 0)
36000 3.70221e+07 0.00015365 (800021 7.34005e-05 0) (2.67327e-05 9.17507e-11 0)
37000 3.70226e+07 0.000168465 (800023 9.77105e-05 0) (2.86188e-05 1.22138e-10 0)
38000 3.70233e+07 0.000185624 (800025 0.000128124 0) (3.06698e-05 1.60155e-10 0)
39000 3.7024e+07 0.000205613 (800026 0.000168133 0) (3.28913e-05 2.10166e-10 0)
40000 3.70249e+07 0.000229122 (800028 0.00022342 0) (3.5324e-05 2.79275e-10 0)
41000 3.70259e+07 0.000257142 (800030 0.00030117 0) (3.80577e-05 3.76462e-10 0)
42000 3.70272e+07 0.000291045 (800033 0.000408951 0) (4.1232e-05 5.11188e-10 0)
43000 3.70287e+07 0.000332654 (800036 0.00055401 0) (4.50297e-05 6.92512e-10 0)
44000 3.70306e+07 0.000384308 (800040 0.000743924 0) (4.96716e-05 9.29906e-10 0)
45000 3.7033e+07 0.000448972 (800044 0.000988931 0) (5.54247e-05 1.23616e-09 0)
46000 3.7036e+07 0.000530389 (800050 0.0013054 0) (6.2624e-05 1.63175e-09 0)
47000 3.70398e+07 0.000633299 (800057 0.00171929 0) (7.17001e-05 2.14911e-09 0)
48000 3.70447e+07 0.000763709 (800067 0.00226839 0) (8.32062e-05 2.83548e-09 0)
49000 3.70508e+07 0.000929262 (800078 0.00300292 0) (9.78413e-05 3.75365e-09 0)
50000 3.70586e+07 0.00113966 (800093 0.00398549 0) (0.000116461 4.98187e-09 0)
51000 3.70685e+07 0.00140716 (800112 0.00529263 0) (0.000140113 6.61579e-09 0)
52000 3.70811e+07 0.00174731 (800136 0.00702076 0) (0.000170097 8.77595e-09 0)
53000 3.70971e+07 0.0021798 (800166 0.0092981 0) (0.000208093 1.16226e-08 0)
54000 3.71174e+07 0.00272956 (800205 0.0123016 0) (0.000256308 1.5377e-08 0)
55000 3.71433e+07 0.00342794 (800254 0.0162757 0) (0.000317631 2.03447e-08 0)
56000 3.71761e+07 0.00431389 (800317 0.021553 0) (0.000395741 2.69413e-08 0)
57000 3.72176e+07 0.00543521 (800396 0.0285741 0) (0.000495263 3.57177e-08 0)
58000 3.72699e+07 0.00684983 (800498 0.0379156 0) (0.000621887 4.73944e-08 0)
59000 3.73357e+07 0.00862694 (800626 0.0503264 0) (0.000782751 6.29079e-08 0)
60000 3.74179e+07 0.0108477 (800789 0.0667937 0) (0.000986595 8.34921e-08 0)
61000 3.752e+07 0.0136053 (800996 0.088636 0) (0.00124518 1.10795e-07 0)
62000 3.76458e+07 0.0170047 (801259 0.117659 0) (0.00157342 1.47074e-07 0)
63000 3.77999e+07 0.0211656 (801593 0.156297 0) (0.00199149 1.95371e-07 0)
64000 3.79862e+07 0.0261998 (802020 0.20791 0) (0.00252497 2.59888e-07 0)
65000 3.82098e+07 0.0322393 (802564 0.276945 0) (0.00320491 3.46181e-07 0)
66000 3.84741e+07 0.0393811 (803251 0.369418 0) (0.00406435 4.61772e-07 0)
67000 3.87827e+07 0.0477176 (804136 0.493461 0) (0.0051694 6.16826e-07 0)
68000 3.91388e+07 0.0573373 (805254 0.659607 0) (0.00656802 8.24509e-07 0)
69000 3.95523e+07 0.0685074 (806675 0.883614 0) (0.00834382 1.10452e-06 0)
70000 4.00285e+07 0.0813722 (808537 1.18254 0) (0.0106709 1.47817e-06 0)
71000 4.06205e+07 0.0973663 (811192 1.61556 0) (0.0139896 2.01946e-06 0)
72000 4.14648e+07 0.120173 (814838 2.12647 0) (0.0185477 2.65809e-06 0)
