#time   energy normalisedChange momentum normalisedChange   
# 0 3.70164e+07 3.70164e+07  800000 0 0   461880 -0.57735 -0.57735
0 3.70164e+07 0  800000 0 0   0 0 0
1000 3.70164e+07 -4.93327e-08  800000 9.43067e-09 0   -7.21903e-10 1.17883e-14 0
2000 3.70164e+07 -9.73437e-08  800000 -4.37575e-09 0   -5.0726e-09 -5.46969e-15 0
3000 3.70164e+07 -1.40255e-07  800000 -1.24541e-07 0   -1.62205e-08 -1.55676e-13 0
4000 3.70164e+07 -1.72997e-07  800000 -3.92818e-07 0   -3.71639e-08 -4.91023e-13 0
5000 3.70164e+07 -1.87917e-07  800000 -7.7838e-07 0   -6.96717e-08 -9.72975e-13 0
6000 3.70164e+07 -1.73778e-07  800000 -1.2016e-06 0   -1.13582e-07 -1.502e-12 0
7000 3.70164e+07 -1.15412e-07  800000 -1.58754e-06 0   -1.66551e-07 -1.98442e-12 0
8000 3.70164e+07 5.83549e-09  800000 -1.90719e-06 0   -2.24215e-07 -2.38399e-12 0
9000 3.70164e+07 2.10986e-07  800000 -2.18077e-06 0   -2.8066e-07 -2.72596e-12 0
10000 3.70164e+07 5.21838e-07  800000 -2.44724e-06 0   -3.29099e-07 -3.05905e-12 0
11000 3.70164e+07 9.59159e-07  800000 -2.72624e-06 0   -3.62633e-07 -3.4078e-12 0
12000 3.70165e+07 1.54092e-06  800000 -2.9993e-06 0   -3.75e-07 -3.74912e-12 0
13000 3.70165e+07 2.28086e-06  800000 -3.22091e-06 0   -3.612e-07 -4.02613e-12 0
14000 3.70165e+07 3.18753e-06  800000 -3.34915e-06 0   -3.17911e-07 -4.18643e-12 0
15000 3.70166e+07 4.26403e-06  800000 -3.37479e-06 0   -2.43629e-07 -4.21849e-12 0
16000 3.70166e+07 5.50837e-06  800000 -3.33109e-06 0   -1.38544e-07 -4.16386e-12 0
17000 3.70166e+07 6.91432e-06  800000 -3.28007e-06 0   -4.21398e-09 -4.10008e-12 0
18000 3.70167e+07 8.47259e-06  800000 -3.28504e-06 0   1.56876e-07 -4.1063e-12 0
19000 3.70168e+07 1.01719e-05  800000 -3.38544e-06 0   3.41727e-07 -4.2318e-12 0
20000 3.70168e+07 1.20002e-05  800000 -3.58613e-06 0   5.47162e-07 -4.48266e-12 0
21000 3.70169e+07 1.39449e-05  800001 -3.86398e-06 0   7.70013e-07 -4.82998e-12 0
22000 3.7017e+07 1.59935e-05  800001 -4.18487e-06 0   1.00718e-06 -5.23109e-12 0
23000 3.70171e+07 1.81334e-05  800001 -4.52056e-06 0   1.25561e-06 -5.6507e-12 0
24000 3.70171e+07 2.0352e-05  800001 -4.85742e-06 0   1.51219e-06 -6.07178e-12 0
25000 3.70172e+07 2.26362e-05  800001 -5.19501e-06 0   1.77374e-06 -6.49376e-12 0
26000 3.70173e+07 2.4973e-05  800002 -5.53851e-06 0   2.03694e-06 -6.92314e-12 0
27000 3.70174e+07 2.73485e-05  800002 -5.89083e-06 0   2.29836e-06 -7.36353e-12 0
28000 3.70175e+07 2.9749e-05  800002 -6.24871e-06 0   2.55454e-06 -7.81089e-12 0
29000 3.70176e+07 3.21607e-05  800002 -6.60411e-06 0   2.802e-06 -8.25514e-12 0
30000 3.70177e+07 3.457e-05  800002 -6.94826e-06 0   3.03737e-06 -8.68532e-12 0
31000 3.70178e+07 3.69638e-05  800003 -7.27545e-06 0   3.25739e-06 -9.09431e-12 0
32000 3.70178e+07 3.93295e-05  800003 -7.58422e-06 0   3.459e-06 -9.48028e-12 0
33000 3.70179e+07 4.16554e-05  800003 -7.87603e-06 0   3.63937e-06 -9.84504e-12 0
34000 3.7018e+07 4.39305e-05  800003 -8.15285e-06 0   3.79589e-06 -1.01911e-11 0
35000 3.70181e+07 4.61447e-05  800003 -8.41528e-06 0   3.92621e-06 -1.05191e-11 0
36000 3.70182e+07 4.82888e-05  800003 -8.66235e-06 0   4.02822e-06 -1.08279e-11 0
37000 3.70183e+07 5.03545e-05  800003 -8.8928e-06 0   4.10005e-06 -1.1116e-11 0
38000 3.70183e+07 5.23344e-05  800003 -9.10643e-06 0   4.14012e-06 -1.1383e-11 0
39000 3.70184e+07 5.4222e-05  800003 -9.30494e-06 0   4.14705e-06 -1.16312e-11 0
40000 3.70185e+07 5.60118e-05  800003 -9.49156e-06 0   4.11977e-06 -1.18645e-11 0
41000 3.70185e+07 5.76991e-05  800003 -9.66992e-06 0   4.05741e-06 -1.20874e-11 0
42000 3.70186e+07 5.92801e-05  800003 -9.84285e-06 0   3.95939e-06 -1.23036e-11 0
43000 3.70186e+07 6.07521e-05  800003 -1.00117e-05 0   3.82531e-06 -1.25147e-11 0
44000 3.70187e+07 6.21128e-05  800003 -1.01767e-05 0   3.65502e-06 -1.27209e-11 0
45000 3.70187e+07 6.33609e-05  800003 -1.03373e-05 0   3.44855e-06 -1.29216e-11 0
46000 3.70188e+07 6.44958e-05  800003 -1.04933e-05 0   3.20612e-06 -1.31166e-11 0
47000 3.70188e+07 6.55175e-05  800002 -1.06449e-05 0   2.92811e-06 -1.33061e-11 0
48000 3.70189e+07 6.64264e-05  800002 -1.07928e-05 0   2.615e-06 -1.3491e-11 0
49000 3.70189e+07 6.72237e-05  800002 -1.09376e-05 0   2.26743e-06 -1.3672e-11 0
50000 3.70189e+07 6.79107e-05  800002 -1.10796e-05 0   1.8861e-06 -1.38496e-11 0
51000 3.70189e+07 6.84893e-05  800001 -1.12188e-05 0   1.47178e-06 -1.40235e-11 0
52000 3.70189e+07 6.89616e-05  800001 -1.13546e-05 0   1.02532e-06 -1.41933e-11 0
53000 3.7019e+07 6.93298e-05  800000 -1.14866e-05 0   5.47575e-07 -1.43582e-11 0
54000 3.7019e+07 6.95967e-05  800000 -1.16143e-05 0   3.94072e-08 -1.45178e-11 0
55000 3.7019e+07 6.97646e-05  800000 -1.17377e-05 0   -4.9832e-07 -1.46721e-11 0
56000 3.7019e+07 6.98363e-05  799999 -1.1857e-05 0   -1.06477e-06 -1.48213e-11 0
57000 3.7019e+07 6.98145e-05  799999 -1.19726e-05 0   -1.65917e-06 -1.49657e-11 0
58000 3.7019e+07 6.97017e-05  799998 -1.20844e-05 0   -2.28078e-06 -1.51055e-11 0
59000 3.7019e+07 6.95006e-05  799998 -1.21926e-05 0   -2.92898e-06 -1.52408e-11 0
60000 3.7019e+07 6.92134e-05  799997 -1.22972e-05 0   -3.60321e-06 -1.53714e-11 0
61000 3.70189e+07 6.88425e-05  799997 -1.23979e-05 0   -4.30303e-06 -1.54974e-11 0
62000 3.70189e+07 6.83898e-05  799996 -1.2495e-05 0   -5.02812e-06 -1.56187e-11 0
63000 3.70189e+07 6.78573e-05  799995 -1.25884e-05 0   -5.77828e-06 -1.57355e-11 0
64000 3.70189e+07 6.72465e-05  799995 -1.26784e-05 0   -6.55346e-06 -1.5848e-11 0
65000 3.70189e+07 6.65587e-05  799994 -1.27652e-05 0   -7.35373e-06 -1.59565e-11 0
66000 3.70188e+07 6.57949e-05  799993 -1.28488e-05 0   -8.17935e-06 -1.60609e-11 0
67000 3.70188e+07 6.49561e-05  799993 -1.29292e-05 0   -9.03073e-06 -1.61615e-11 0
68000 3.70188e+07 6.40424e-05  799992 -1.30066e-05 0   -9.90848e-06 -1.62582e-11 0
69000 3.70187e+07 6.3054e-05  799991 -1.30812e-05 0   -1.08134e-05 -1.63515e-11 0
70000 3.70187e+07 6.19907e-05  799991 -1.31531e-05 0   -1.17464e-05 -1.64413e-11 0
71000 3.70186e+07 6.08516e-05  799990 -1.32224e-05 0   -1.27088e-05 -1.6528e-11 0
72000 3.70186e+07 5.96359e-05  799989 -1.32893e-05 0   -1.3702e-05 -1.66117e-11 0
73000 3.70186e+07 5.83419e-05  799988 -1.3354e-05 0   -1.47275e-05 -1.66925e-11 0
74000 3.70185e+07 5.69679e-05  799987 -1.34165e-05 0   -1.57873e-05 -1.67706e-11 0
75000 3.70184e+07 5.55115e-05  799986 -1.3477e-05 0   -1.68835e-05 -1.68463e-11 0
76000 3.70184e+07 5.39699e-05  799986 -1.35357e-05 0   -1.80185e-05 -1.69196e-11 0
77000 3.70183e+07 5.23398e-05  799985 -1.35926e-05 0   -1.91948e-05 -1.69908e-11 0
78000 3.70183e+07 5.06175e-05  799984 -1.36479e-05 0   -2.04155e-05 -1.70598e-11 0
79000 3.70182e+07 4.87988e-05  799983 -1.37016e-05 0   -2.16836e-05 -1.7127e-11 0
80000 3.70181e+07 4.68788e-05  799982 -1.3754e-05 0   -2.30027e-05 -1.71925e-11 0
81000 3.70181e+07 4.48525e-05  799980 -1.38052e-05 0   -2.43764e-05 -1.72565e-11 0
82000 3.7018e+07 4.27138e-05  799979 -1.38555e-05 0   -2.58088e-05 -1.73194e-11 0
83000 3.70179e+07 4.04565e-05  799978 -1.3905e-05 0   -2.73043e-05 -1.73813e-11 0
84000 3.70178e+07 3.80738e-05  799977 -1.39539e-05 0   -2.88673e-05 -1.74424e-11 0
85000 3.70177e+07 3.55581e-05  799976 -1.40024e-05 0   -3.05029e-05 -1.7503e-11 0
86000 3.70176e+07 3.29016e-05  799974 -1.40505e-05 0   -3.22161e-05 -1.75631e-11 0
87000 3.70175e+07 3.00957e-05  799973 -1.40983e-05 0   -3.40125e-05 -1.76229e-11 0
88000 3.70174e+07 2.71313e-05  799971 -1.41462e-05 0   -3.58978e-05 -1.76828e-11 0
89000 3.70173e+07 2.39989e-05  799970 -1.41942e-05 0   -3.7878e-05 -1.77428e-11 0
90000 3.70172e+07 2.06884e-05  799968 -1.42426e-05 0   -3.99594e-05 -1.78033e-11 0
91000 3.7017e+07 1.71892e-05  799966 -1.42918e-05 0   -4.21487e-05 -1.78648e-11 0
92000 3.70169e+07 1.34901e-05  799964 -1.43425e-05 0   -4.44524e-05 -1.79281e-11 0
93000 3.70167e+07 9.57976e-06  799962 -1.43955e-05 0   -4.68777e-05 -1.79944e-11 0
94000 3.70166e+07 5.44607e-06  799960 -1.44522e-05 0   -4.94318e-05 -1.80652e-11 0
95000 3.70164e+07 1.07673e-06  799958 -1.45139e-05 0   -5.2122e-05 -1.81424e-11 0
96000 3.70163e+07 -3.54098e-06  799956 -1.45827e-05 0   -5.49558e-05 -1.82283e-11 0
97000 3.70161e+07 -8.42003e-06  799954 -1.46603e-05 0   -5.7941e-05 -1.83254e-11 0
98000 3.70159e+07 -1.35736e-05  799951 -1.47488e-05 0   -6.10853e-05 -1.8436e-11 0
99000 3.70157e+07 -1.90151e-05  799948 -1.48497e-05 0   -6.43964e-05 -1.85621e-11 0
100000 3.70155e+07 -2.47577e-05  799946 -1.49635e-05 0   -6.7882e-05 -1.87043e-11 0
101000 3.70153e+07 -3.08146e-05  799943 -1.50893e-05 0   -7.15498e-05 -1.88616e-11 0
102000 3.7015e+07 -3.71986e-05  799940 -1.52243e-05 0   -7.54072e-05 -1.90303e-11 0
103000 3.70148e+07 -4.39219e-05  799936 -1.53631e-05 0   -7.94612e-05 -1.92039e-11 0
104000 3.70145e+07 -5.09962e-05  799933 -1.54975e-05 0   -8.37187e-05 -1.93718e-11 0
105000 3.70142e+07 -5.84322e-05  799929 -1.5616e-05 0   -8.8186e-05 -1.95199e-11 0
106000 3.70139e+07 -6.62395e-05  799926 -1.57048e-05 0   -9.28689e-05 -1.9631e-11 0
107000 3.70136e+07 -7.44265e-05  799922 -1.57488e-05 0   -9.77726e-05 -1.9686e-11 0
108000 3.70133e+07 -8.30006e-05  799918 -1.57328e-05 0   -0.000102902 -1.9666e-11 0
109000 3.7013e+07 -9.19677e-05  799913 -1.56436e-05 0   -0.00010826 -1.95545e-11 0
110000 3.70126e+07 -0.000101333  799909 -1.54739e-05 0   -0.000113851 -1.93424e-11 0
111000 3.70123e+07 -0.0001111  799904 -1.52242e-05 0   -0.000119679 -1.90302e-11 0
112000 3.70119e+07 -0.000121272  799899 -1.49047e-05 0   -0.000125744 -1.86308e-11 0
113000 3.70115e+07 -0.000131852  799894 -1.45373e-05 0   -0.00013205 -1.81716e-11 0
114000 3.70111e+07 -0.000142843  799889 -1.41555e-05 0   -0.0001386 -1.76944e-11 0
115000 3.70107e+07 -0.000154249  799884 -1.38027e-05 0   -0.000145395 -1.72534e-11 0
116000 3.70102e+07 -0.000166075  799878 -1.35292e-05 0   -0.000152437 -1.69115e-11 0
117000 3.70098e+07 -0.000178324  799872 -1.3387e-05 0   -0.00015973 -1.67338e-11 0
118000 3.70093e+07 -0.000191004  799866 -1.34238e-05 0   -0.000167276 -1.67797e-11 0
119000 3.70088e+07 -0.00020412  799860 -1.36757e-05 0   -0.000175078 -1.70946e-11 0
120000 3.70083e+07 -0.00021768  799853 -1.4161e-05 0   -0.000183137 -1.77013e-11 0
121000 3.70078e+07 -0.000231691  799847 -1.48751e-05 0   -0.000191457 -1.85939e-11 0
122000 3.70073e+07 -0.000246158  799840 -1.57873e-05 0   -0.000200038 -1.97341e-11 0
123000 3.70067e+07 -0.000261086  799833 -1.68412e-05 0   -0.00020888 -2.10515e-11 0
124000 3.70062e+07 -0.000276476  799826 -1.79582e-05 0   -0.000217983 -2.24478e-11 0
125000 3.70056e+07 -0.000292326  799818 -1.90443e-05 0   -0.000227342 -2.38054e-11 0
126000 3.7005e+07 -0.00030863  799810 -1.99996e-05 0   -0.000236954 -2.49995e-11 0
127000 3.70043e+07 -0.000325376  799803 -2.07296e-05 0   -0.00024681 -2.5912e-11 0
128000 3.70037e+07 -0.000342549  799794 -2.11567e-05 0   -0.000256902 -2.64459e-11 0
129000 3.70031e+07 -0.000360128  799786 -2.12305e-05 0   -0.000267218 -2.65382e-11 0
130000 3.70024e+07 -0.000378088  799778 -2.09354e-05 0   -0.000277745 -2.61692e-11 0
131000 3.70017e+07 -0.000396401  799769 -2.02939e-05 0   -0.000288469 -2.53674e-11 0
132000 3.7001e+07 -0.000415034  799761 -1.93658e-05 0   -0.000299372 -2.42072e-11 0
133000 3.70003e+07 -0.000433954  799752 -1.82419e-05 0   -0.00031044 -2.28023e-11 0
134000 3.69996e+07 -0.000453127  799743 -1.70341e-05 0   -0.000321654 -2.12927e-11 0
135000 3.69989e+07 -0.000472517  799734 -1.58625e-05 0   -0.000332997 -1.98281e-11 0
136000 3.69982e+07 -0.000492091  799724 -1.48408e-05 0   -0.000344453 -1.8551e-11 0
137000 3.69974e+07 -0.000511818  799715 -1.40633e-05 0   -0.000356005 -1.75792e-11 0
138000 3.69967e+07 -0.000531666  799706 -1.35941e-05 0   -0.000367636 -1.69927e-11 0
139000 3.6996e+07 -0.000551607  799697 -1.34603e-05 0   -0.000379333 -1.68254e-11 0
140000 3.69952e+07 -0.000571613  799687 -1.36507e-05 0   -0.000391078 -1.70634e-11 0
141000 3.69945e+07 -0.000591658  799678 -1.41194e-05 0   -0.000402857 -1.76493e-11 0
142000 3.69937e+07 -0.000611718  799668 -1.47936e-05 0   -0.000414655 -1.8492e-11 0
143000 3.6993e+07 -0.000631766  799659 -1.55848e-05 0   -0.000426455 -1.94811e-11 0
144000 3.69923e+07 -0.000651778  799649 -1.64013e-05 0   -0.000438244 -2.05016e-11 0
145000 3.69915e+07 -0.000671728  799640 -1.71593e-05 0   -0.000450004 -2.14492e-11 0
146000 3.69908e+07 -0.000691592  799631 -1.77932e-05 0   -0.000461719 -2.22415e-11 0
147000 3.69901e+07 -0.000711342  799621 -1.82606e-05 0   -0.000473373 -2.28257e-11 0
148000 3.69893e+07 -0.000730953  799612 -1.85446e-05 0   -0.00048495 -2.31807e-11 0
149000 3.69886e+07 -0.000750397  799603 -1.86517e-05 0   -0.000496433 -2.33146e-11 0
150000 3.69879e+07 -0.000769648  799594 -1.86068e-05 0   -0.000507804 -2.32585e-11 0
151000 3.69872e+07 -0.000788679  799585 -1.84463e-05 0   -0.000519049 -2.30579e-11 0
152000 3.69865e+07 -0.000807463  799576 -1.82107e-05 0   -0.00053015 -2.27634e-11 0
153000 3.69858e+07 -0.000825974  799567 -1.79383e-05 0   -0.000541091 -2.24229e-11 0
154000 3.69851e+07 -0.000844184  799559 -1.76602e-05 0   -0.000551858 -2.20753e-11 0
155000 3.69845e+07 -0.000862067  799550 -1.73982e-05 0   -0.000562433 -2.17477e-11 0
156000 3.69838e+07 -0.000879598  799542 -1.71639e-05 0   -0.000572803 -2.14549e-11 0
157000 3.69832e+07 -0.000896751  799534 -1.6961e-05 0   -0.000582953 -2.12013e-11 0
158000 3.69826e+07 -0.000913501  799526 -1.67873e-05 0   -0.000592867 -2.09842e-11 0
159000 3.6982e+07 -0.000929822  799518 -1.6638e-05 0   -0.000602533 -2.07975e-11 0
160000 3.69814e+07 -0.000945692  799510 -1.65081e-05 0   -0.000611938 -2.06352e-11 0
161000 3.69808e+07 -0.000961087  799503 -1.63945e-05 0   -0.000621068 -2.04932e-11 0
162000 3.69803e+07 -0.000975988  799496 -1.62965e-05 0   -0.000629912 -2.03706e-11 0
163000 3.69797e+07 -0.000990374  799489 -1.62152e-05 0   -0.000638459 -2.0269e-11 0
164000 3.69792e+07 -0.00100423  799483 -1.6153e-05 0   -0.000646699 -2.01913e-11 0
165000 3.69787e+07 -0.00101753  799476 -1.61121e-05 0   -0.000654623 -2.01401e-11 0
166000 3.69783e+07 -0.00103028  799470 -1.60928e-05 0   -0.000662223 -2.0116e-11 0
167000 3.69778e+07 -0.00104245  799464 -1.60933e-05 0   -0.000669492 -2.01166e-11 0
168000 3.69774e+07 -0.00105403  799459 -1.6109e-05 0   -0.000676422 -2.01363e-11 0
169000 3.6977e+07 -0.00106502  799454 -1.61334e-05 0   -0.000683009 -2.01667e-11 0
170000 3.69766e+07 -0.00107541  799449 -1.61585e-05 0   -0.000689247 -2.01981e-11 0
171000 3.69762e+07 -0.00108519  799444 -1.61766e-05 0   -0.000695134 -2.02208e-11 0
172000 3.69759e+07 -0.00109436  799439 -1.61812e-05 0   -0.000700664 -2.02264e-11 0
173000 3.69756e+07 -0.00110291  799435 -1.61678e-05 0   -0.000705837 -2.02097e-11 0
174000 3.69753e+07 -0.00111084  799431 -1.61348e-05 0   -0.00071065 -2.01685e-11 0
175000 3.6975e+07 -0.00111815  799428 -1.60834e-05 0   -0.000715101 -2.01043e-11 0
176000 3.69748e+07 -0.00112483  799425 -1.60168e-05 0   -0.000719192 -2.0021e-11 0
177000 3.69745e+07 -0.0011309  799422 -1.59395e-05 0   -0.000722921 -1.99244e-11 0
178000 3.69743e+07 -0.00113635  799419 -1.58566e-05 0   -0.000726291 -1.98208e-11 0
179000 3.69742e+07 -0.00114118  799417 -1.57724e-05 0   -0.000729303 -1.97155e-11 0
180000 3.6974e+07 -0.0011454  799414 -1.56897e-05 0   -0.000731959 -1.96121e-11 0
181000 3.69739e+07 -0.00114901  799413 -1.56096e-05 0   -0.000734262 -1.9512e-11 0
182000 3.69737e+07 -0.00115203  799411 -1.55312e-05 0   -0.000736218 -1.9414e-11 0
183000 3.69737e+07 -0.00115445  799410 -1.54519e-05 0   -0.000737829 -1.93149e-11 0
184000 3.69736e+07 -0.00115629  799409 -1.53679e-05 0   -0.000739102 -1.92099e-11 0
185000 3.69735e+07 -0.00115755  799408 -1.52749e-05 0   -0.000740043 -1.90936e-11 0
186000 3.69735e+07 -0.00115826  799407 -1.51687e-05 0   -0.000740658 -1.89608e-11 0
187000 3.69735e+07 -0.00115842  799407 -1.50457e-05 0   -0.000740954 -1.88072e-11 0
188000 3.69735e+07 -0.00115804  799407 -1.49038e-05 0   -0.000740938 -1.86297e-11 0
189000 3.69736e+07 -0.00115714  799408 -1.47416e-05 0   -0.00074062 -1.8427e-11 0
190000 3.69736e+07 -0.00115574  799408 -1.45596e-05 0   -0.000740007 -1.81994e-11 0
191000 3.69737e+07 -0.00115384  799409 -1.43589e-05 0   -0.000739109 -1.79486e-11 0
192000 3.69738e+07 -0.00115148  799410 -1.4142e-05 0   -0.000737935 -1.76775e-11 0
193000 3.69739e+07 -0.00114865  799411 -1.39117e-05 0   -0.000736496 -1.73896e-11 0
194000 3.6974e+07 -0.00114538  799412 -1.36712e-05 0   -0.000734801 -1.7089e-11 0
195000 3.69741e+07 -0.0011417  799414 -1.34239e-05 0   -0.000732862 -1.67799e-11 0
196000 3.69743e+07 -0.00113761  799415 -1.31731e-05 0   -0.000730689 -1.64663e-11 0
197000 3.69744e+07 -0.00113314  799417 -1.29218e-05 0   -0.000728294 -1.61522e-11 0
198000 3.69746e+07 -0.00112831  799419 -1.26729e-05 0   -0.000725688 -1.58411e-11 0
199000 3.69748e+07 -0.00112314  799422 -1.2429e-05 0   -0.000722883 -1.55362e-11 0
200000 3.6975e+07 -0.00111764  799424 -1.21924e-05 0   -0.00071989 -1.52405e-11 0
201000 3.69752e+07 -0.00111185  799427 -1.19653e-05 0   -0.000716722 -1.49566e-11 0
202000 3.69755e+07 -0.00110577  799429 -1.17496e-05 0   -0.000713391 -1.4687e-11 0
203000 3.69757e+07 -0.00109944  799432 -1.1547e-05 0   -0.000709909 -1.44337e-11 0
204000 3.69759e+07 -0.00109286  799435 -1.13589e-05 0   -0.000706288 -1.41986e-11 0
205000 3.69762e+07 -0.00108607  799438 -1.11865e-05 0   -0.00070254 -1.39831e-11 0
206000 3.69764e+07 -0.00107908  799441 -1.10305e-05 0   -0.000698676 -1.37881e-11 0
207000 3.69767e+07 -0.00107192  799444 -1.08915e-05 0   -0.000694709 -1.36143e-11 0
208000 3.6977e+07 -0.0010646  799447 -1.07693e-05 0   -0.000690651 -1.34616e-11 0
209000 3.69773e+07 -0.00105714  799451 -1.06635e-05 0   -0.000686512 -1.33294e-11 0
210000 3.69775e+07 -0.00104957  799454 -1.05731e-05 0   -0.000682304 -1.32164e-11 0
211000 3.69778e+07 -0.0010419  799458 -1.04964e-05 0   -0.000678038 -1.31204e-11 0
212000 3.69781e+07 -0.00103415  799461 -1.04312e-05 0   -0.000673725 -1.3039e-11 0
213000 3.69784e+07 -0.00102634  799465 -1.03748e-05 0   -0.000669373 -1.29685e-11 0
214000 3.69787e+07 -0.00101848  799468 -1.0324e-05 0   -0.000664995 -1.2905e-11 0
215000 3.6979e+07 -0.00101059  799472 -1.02751e-05 0   -0.000660597 -1.28439e-11 0
216000 3.69793e+07 -0.0010027  799475 -1.02239e-05 0   -0.000656191 -1.27799e-11 0
217000 3.69796e+07 -0.0009948  799479 -1.01662e-05 0   -0.000651783 -1.27078e-11 0
218000 3.69799e+07 -0.000986919  799482 -1.00974e-05 0   -0.000647382 -1.26218e-11 0
219000 3.69802e+07 -0.000979065  799486 -1.00132e-05 0   -0.000642994 -1.25165e-11 0
220000 3.69804e+07 -0.00097125  799489 -9.90938e-06 0   -0.000638628 -1.23867e-11 0
221000 3.69807e+07 -0.000963485  799493 -9.7827e-06 0   -0.000634288 -1.22284e-11 0
222000 3.6981e+07 -0.000955779  799496 -9.63061e-06 0   -0.000629981 -1.20383e-11 0
223000 3.69813e+07 -0.00094814  799499 -9.45186e-06 0   -0.000625711 -1.18148e-11 0
224000 3.69816e+07 -0.000940575  799503 -9.24676e-06 0   -0.000621482 -1.15585e-11 0
225000 3.69819e+07 -0.00093309  799506 -9.01742e-06 0   -0.000617299 -1.12718e-11 0
226000 3.69821e+07 -0.000925692  799509 -8.76792e-06 0   -0.000613165 -1.09599e-11 0
227000 3.69824e+07 -0.000918384  799513 -8.53226e-06 0   -0.000609084 -1.06653e-11 0
228000 3.69827e+07 -0.000911171  799516 -8.28555e-06 0   -0.000605056 -1.03569e-11 0
229000 3.69829e+07 -0.000904056  799519 -8.00971e-06 0   -0.000601086 -1.00121e-11 0
230000 3.69832e+07 -0.000897042  799522 -7.7489e-06 0   -0.000597175 -9.68613e-12 0
231000 3.69834e+07 -0.000890133  799525 -7.51489e-06 0   -0.000593324 -9.39361e-12 0
232000 3.69837e+07 -0.00088333  799528 -7.31861e-06 0   -0.000589535 -9.14826e-12 0
233000 3.69839e+07 -0.000876636  799531 -7.16923e-06 0   -0.00058581 -8.96154e-12 0
234000 3.69842e+07 -0.000870053  799534 -7.1002e-06 0   -0.00058215 -8.87525e-12 0
235000 3.69844e+07 -0.000863585  799537 -7.08212e-06 0   -0.000578556 -8.85265e-12 0
236000 3.69847e+07 -0.000857233  799540 -7.11366e-06 0   -0.000575029 -8.89208e-12 0
237000 3.69849e+07 -0.000851  799543 -7.18927e-06 0   -0.00057157 -8.98659e-12 0
238000 3.69851e+07 -0.000844886  799545 -7.29897e-06 0   -0.00056818 -9.12371e-12 0
239000 3.69853e+07 -0.000838895  799548 -7.42861e-06 0   -0.000564857 -9.28577e-12 0
240000 3.69856e+07 -0.000833026  799551 -7.56061e-06 0   -0.000561604 -9.45076e-12 0
241000 3.69858e+07 -0.000827281  799553 -7.67507e-06 0   -0.000558419 -9.59384e-12 0
242000 3.6986e+07 -0.000821658  799556 -7.75134e-06 0   -0.000555301 -9.68917e-12 0
243000 3.69862e+07 -0.000816155  799558 -7.76986e-06 0   -0.00055225 -9.71233e-12 0
244000 3.69864e+07 -0.000810771  799561 -7.71424e-06 0   -0.000549263 -9.6428e-12 0
245000 3.69866e+07 -0.000805501  799563 -7.57307e-06 0   -0.000546337 -9.46634e-12 0
246000 3.69868e+07 -0.000800341  799565 -7.3417e-06 0   -0.000543471 -9.17712e-12 0
247000 3.6987e+07 -0.000795285  799567 -7.02324e-06 0   -0.000540662 -8.77905e-12 0
248000 3.69871e+07 -0.000790327  799570 -6.62905e-06 0   -0.000537905 -8.28631e-12 0
249000 3.69873e+07 -0.000785459  799572 -6.1783e-06 0   -0.000535198 -7.72288e-12 0
250000 3.69875e+07 -0.000780674  799574 -5.69669e-06 0   -0.000532536 -7.12087e-12 0
251000 3.69877e+07 -0.000775965  799576 -5.21433e-06 0   -0.000529917 -6.51791e-12 0
252000 3.69878e+07 -0.000771326  799578 -4.76297e-06 0   -0.000527336 -5.95371e-12 0
253000 3.6988e+07 -0.00076675  799580 -4.37299e-06 0   -0.000524792 -5.46623e-12 0
254000 3.69882e+07 -0.000762231  799582 -4.07009e-06 0   -0.00052228 -5.08762e-12 0
255000 3.69883e+07 -0.000757766  799584 -3.87263e-06 0   -0.000519799 -4.84078e-12 0
256000 3.69885e+07 -0.00075335  799586 -3.78939e-06 0   -0.000517346 -4.73674e-12 0
257000 3.69887e+07 -0.000748982  799588 -3.81854e-06 0   -0.000514922 -4.77317e-12 0
258000 3.69888e+07 -0.000744659  799590 -3.94757e-06 0   -0.000512523 -4.93447e-12 0
259000 3.6989e+07 -0.000740381  799592 -4.15463e-06 0   -0.00051015 -5.19329e-12 0
260000 3.69891e+07 -0.000736147  799594 -4.4108e-06 0   -0.000507802 -5.51351e-12 0
261000 3.69893e+07 -0.000731958  799596 -4.68331e-06 0   -0.000505478 -5.85414e-12 0
262000 3.69895e+07 -0.000727812  799597 -4.93915e-06 0   -0.000503177 -6.17393e-12 0
263000 3.69896e+07 -0.000723711  799599 -5.14871e-06 0   -0.0005009 -6.43589e-12 0
264000 3.69898e+07 -0.000719652  799601 -5.289e-06 0   -0.000498645 -6.61126e-12 0
265000 3.69899e+07 -0.000715635  799603 -5.34594e-06 0   -0.000496411 -6.68243e-12 0
266000 3.699e+07 -0.000711658  799605 -5.31556e-06 0   -0.000494198 -6.64445e-12 0
267000 3.69902e+07 -0.000707718  799606 -5.20392e-06 0   -0.000492003 -6.5049e-12 0
268000 3.69903e+07 -0.000703813  799608 -5.0258e-06 0   -0.000489826 -6.28225e-12 0
269000 3.69905e+07 -0.00069994  799610 -4.80231e-06 0   -0.000487666 -6.00289e-12 0
270000 3.69906e+07 -0.000696096  799612 -4.55793e-06 0   -0.00048552 -5.69741e-12 0
271000 3.69908e+07 -0.000692278  799613 -4.31714e-06 0   -0.000483389 -5.39643e-12 0
272000 3.69909e+07 -0.000688483  799615 -4.10146e-06 0   -0.00048127 -5.12683e-12 0
273000 3.6991e+07 -0.000684709  799617 -3.92691e-06 0   -0.000479162 -4.90864e-12 0
274000 3.69912e+07 -0.000680953  799618 -3.8025e-06 0   -0.000477066 -4.75313e-12 0
275000 3.69913e+07 -0.000677216  799620 -3.72978e-06 0   -0.000474981 -4.66222e-12 0
276000 3.69915e+07 -0.000673495  799622 -3.70334e-06 0   -0.000472905 -4.62917e-12 0
277000 3.69916e+07 -0.000669789  799623 -3.71237e-06 0   -0.00047084 -4.64047e-12 0
278000 3.69917e+07 -0.0006661  799625 -3.74272e-06 0   -0.000468784 -4.6784e-12 0
279000 3.69919e+07 -0.000662427  799627 -3.77923e-06 0   -0.000466739 -4.72404e-12 0
280000 3.6992e+07 -0.000658769  799628 -3.80799e-06 0   -0.000464703 -4.75998e-12 0
281000 3.69921e+07 -0.000655128  799630 -3.81814e-06 0   -0.000462678 -4.77267e-12 0
282000 3.69923e+07 -0.000651504  799631 -3.803e-06 0   -0.000460663 -4.75375e-12 0
283000 3.69924e+07 -0.000647897  799633 -3.76049e-06 0   -0.000458658 -4.70062e-12 0
284000 3.69925e+07 -0.000644306  799635 -3.69279e-06 0   -0.000456664 -4.61599e-12 0
285000 3.69927e+07 -0.000640733  799636 -3.60528e-06 0   -0.00045468 -4.5066e-12 0
286000 3.69928e+07 -0.000637178  799638 -3.50536e-06 0   -0.000452707 -4.3817e-12 0
287000 3.69929e+07 -0.000633639  799639 -3.40101e-06 0   -0.000450744 -4.25126e-12 0
288000 3.69931e+07 -0.000630117  799641 -3.29947e-06 0   -0.000448792 -4.12434e-12 0
289000 3.69932e+07 -0.000626612  799643 -3.20628e-06 0   -0.00044685 -4.00785e-12 0
290000 3.69933e+07 -0.000623124  799644 -3.12477e-06 0   -0.000444919 -3.90596e-12 0
291000 3.69935e+07 -0.000619652  799646 -3.05595e-06 0   -0.000443 -3.81993e-12 0
292000 3.69936e+07 -0.000616197  799647 -2.99887e-06 0   -0.000441091 -3.74859e-12 0
293000 3.69937e+07 -0.000612757  799649 -2.95127e-06 0   -0.000439194 -3.68909e-12 0
294000 3.69938e+07 -0.000609334  799650 -2.91026e-06 0   -0.000437308 -3.63782e-12 0
295000 3.6994e+07 -0.000605927  799652 -2.87298e-06 0   -0.000435434 -3.59122e-12 0
296000 3.69941e+07 -0.000602536  799653 -2.8372e-06 0   -0.000433573 -3.5465e-12 0
297000 3.69942e+07 -0.000599163  799655 -2.80157e-06 0   -0.000431724 -3.50197e-12 0
298000 3.69943e+07 -0.000595808  799656 -2.76565e-06 0   -0.000429889 -3.45706e-12 0
299000 3.69945e+07 -0.000592472  799658 -2.7297e-06 0   -0.000428068 -3.41213e-12 0
300000 3.69946e+07 -0.000589156  799659 -2.69437e-06 0   -0.000426261 -3.36796e-12 0
301000 3.69947e+07 -0.000585863  799660 -2.66022e-06 0   -0.00042447 -3.32527e-12 0
302000 3.69948e+07 -0.000582593  799662 -2.62743e-06 0   -0.000422695 -3.28428e-12 0
303000 3.69949e+07 -0.000579349  799663 -2.59552e-06 0   -0.000420937 -3.2444e-12 0
304000 3.69951e+07 -0.000576132  799665 -2.56332e-06 0   -0.000419196 -3.20415e-12 0
305000 3.69952e+07 -0.000572946  799666 -2.52899e-06 0   -0.000417474 -3.16124e-12 0
306000 3.69953e+07 -0.000569791  799667 -2.49032e-06 0   -0.000415772 -3.11289e-12 0
307000 3.69954e+07 -0.000566671  799669 -2.44496e-06 0   -0.000414089 -3.0562e-12 0
308000 3.69955e+07 -0.000563586  799670 -2.39081e-06 0   -0.000412428 -2.98852e-12 0
309000 3.69956e+07 -0.000560538  799671 -2.32629e-06 0   -0.000410787 -2.90786e-12 0
310000 3.69958e+07 -0.000557529  799673 -2.25047e-06 0   -0.000409168 -2.81308e-12 0
311000 3.69959e+07 -0.00055456  799674 -2.16324e-06 0   -0.000407572 -2.70404e-12 0
312000 3.6996e+07 -0.000551631  799675 -2.06518e-06 0   -0.000405997 -2.58148e-12 0
313000 3.69961e+07 -0.000548743  799676 -1.95753e-06 0   -0.000404444 -2.44691e-12 0
314000 3.69962e+07 -0.000545896  799678 -1.84191e-06 0   -0.000402914 -2.30239e-12 0
315000 3.69963e+07 -0.00054309  799679 -1.72018e-06 0   -0.000401406 -2.15023e-12 0
316000 3.69964e+07 -0.000540324  799680 -1.59419e-06 0   -0.00039992 -1.99274e-12 0
317000 3.69965e+07 -0.0005376  799681 -1.46564e-06 0   -0.000398456 -1.83205e-12 0
318000 3.69966e+07 -0.000534915  799682 -1.33596e-06 0   -0.000397014 -1.66995e-12 0
319000 3.69967e+07 -0.000532269  799684 -1.20632e-06 0   -0.000395592 -1.50789e-12 0
320000 3.69968e+07 -0.000529661  799685 -1.07748e-06 0   -0.000394191 -1.34685e-12 0
321000 3.69969e+07 -0.000527092  799686 -9.49955e-07 0   -0.000392811 -1.18744e-12 0
322000 3.6997e+07 -0.000524559  799687 -8.23975e-07 0   -0.000391451 -1.02997e-12 0
323000 3.69971e+07 -0.000522063  799688 -6.9957e-07 0   -0.00039011 -8.74462e-13 0
324000 3.69972e+07 -0.000519602  799689 -5.76605e-07 0   -0.000388789 -7.20756e-13 0
325000 3.69972e+07 -0.000517176  799690 -4.54626e-07 0   -0.000387487 -5.68282e-13 0
326000 3.69973e+07 -0.000514784  799691 -3.33013e-07 0   -0.000386203 -4.16267e-13 0
327000 3.69974e+07 -0.000512425  799692 -2.10939e-07 0   -0.000384938 -2.63673e-13 0
328000 3.69975e+07 -0.000510099  799693 -8.73428e-08 0   -0.00038369 -1.09178e-13 0
329000 3.69976e+07 -0.000507805  799694 3.90415e-08 0   -0.000382459 4.88019e-14 0
330000 3.69977e+07 -0.000505543  799695 1.69644e-07 0   -0.000381246 2.12055e-13 0
331000 3.69978e+07 -0.000503311  799696 3.06001e-07 0   -0.000380049 3.82501e-13 0
332000 3.69978e+07 -0.000501109  799697 4.49682e-07 0   -0.000378869 5.62103e-13 0
333000 3.69979e+07 -0.000498936  799698 6.02144e-07 0   -0.000377705 7.5268e-13 0
334000 3.6998e+07 -0.000496791  799699 7.64705e-07 0   -0.000376556 9.55881e-13 0
335000 3.69981e+07 -0.000494674  799700 9.38301e-07 0   -0.000375423 1.17288e-12 0
336000 3.69982e+07 -0.000492584  799701 1.1235e-06 0   -0.000374305 1.40437e-12 0
337000 3.69982e+07 -0.000490519  799701 1.32036e-06 0   -0.000373201 1.65045e-12 0
338000 3.69983e+07 -0.000488481  799702 1.52838e-06 0   -0.000372112 1.91047e-12 0
339000 3.69984e+07 -0.000486466  799703 1.74648e-06 0   -0.000371037 2.1831e-12 0
340000 3.69985e+07 -0.000484476  799704 1.97298e-06 0   -0.000369976 2.46622e-12 0
341000 3.69985e+07 -0.00048251  799705 2.20563e-06 0   -0.000368929 2.75704e-12 0
342000 3.69986e+07 -0.000480567  799706 2.44169e-06 0   -0.000367896 3.05212e-12 0
343000 3.69987e+07 -0.000478648  799706 2.6781e-06 0   -0.000366877 3.34762e-12 0
344000 3.69987e+07 -0.000476753  799707 2.91151e-06 0   -0.000365873 3.63939e-12 0
345000 3.69988e+07 -0.000474882  799708 3.13855e-06 0   -0.000364883 3.92318e-12 0
346000 3.69989e+07 -0.000473037  799709 3.356e-06 0   -0.000363909 4.195e-12 0
347000 3.6999e+07 -0.000471218  799710 3.56112e-06 0   -0.00036295 4.4514e-12 0
348000 3.6999e+07 -0.000469426  799710 3.75184e-06 0   -0.000362009 4.6898e-12 0
349000 3.69991e+07 -0.000467664  799711 3.92693e-06 0   -0.000361084 4.90866e-12 0
350000 3.69991e+07 -0.000465934  799712 4.08632e-06 0   -0.000360178 5.1079e-12 0
351000 3.69992e+07 -0.000464237  799713 4.23122e-06 0   -0.000359292 5.28902e-12 0
352000 3.69993e+07 -0.000462576  799713 4.36417e-06 0   -0.000358426 5.45522e-12 0
353000 3.69993e+07 -0.000460954  799714 4.48923e-06 0   -0.000357582 5.61154e-12 0
354000 3.69994e+07 -0.000459372  799715 4.61156e-06 0   -0.000356761 5.76445e-12 0
355000 3.69994e+07 -0.000457834  799715 4.7374e-06 0   -0.000355964 5.92175e-12 0
356000 3.69995e+07 -0.000456341  799716 4.87368e-06 0   -0.000355193 6.0921e-12 0
357000 3.69996e+07 -0.000454896  799716 5.02751e-06 0   -0.000354447 6.28439e-12 0
358000 3.69996e+07 -0.0004535  799717 5.20581e-06 0   -0.000353728 6.50726e-12 0
359000 3.69997e+07 -0.000452154  799718 5.41462e-06 0   -0.000353037 6.76828e-12 0
360000 3.69997e+07 -0.000450859  799718 5.65863e-06 0   -0.000352373 7.07329e-12 0
361000 3.69997e+07 -0.000449615  799719 5.94063e-06 0   -0.000351738 7.42579e-12 0
362000 3.69998e+07 -0.000448424  799719 6.26113e-06 0   -0.000351131 7.82642e-12 0
363000 3.69998e+07 -0.000447283  799720 6.61813e-06 0   -0.000350553 8.27266e-12 0
364000 3.69999e+07 -0.000446194  799720 7.007e-06 0   -0.000350003 8.75876e-12 0
365000 3.69999e+07 -0.000445155  799720 7.42071e-06 0   -0.000349482 9.27589e-12 0
366000 3.7e+07 -0.000444165  799721 7.85015e-06 0   -0.000348989 9.81268e-12 0
367000 3.7e+07 -0.000443224  799721 8.28472e-06 0   -0.000348525 1.03559e-11 0
368000 3.7e+07 -0.000442331  799722 8.7131e-06 0   -0.000348089 1.08914e-11 0
369000 3.70001e+07 -0.000441487  799722 9.12423e-06 0   -0.000347682 1.14053e-11 0
370000 3.70001e+07 -0.000440691  799722 9.50812e-06 0   -0.000347304 1.18851e-11 0
371000 3.70001e+07 -0.000439944  799722 9.85678e-06 0   -0.000346955 1.2321e-11 0
372000 3.70001e+07 -0.000439248  799723 1.0165e-05 0   -0.000346638 1.27062e-11 0
373000 3.70002e+07 -0.000438603  799723 1.04308e-05 0   -0.000346351 1.30384e-11 0
374000 3.70002e+07 -0.000438013  799723 1.06557e-05 0   -0.000346097 1.33196e-11 0
375000 3.70002e+07 -0.00043748  799723 1.08448e-05 0   -0.000345877 1.35559e-11 0
376000 3.70002e+07 -0.000437006  799723 1.10061e-05 0   -0.000345692 1.37576e-11 0
377000 3.70002e+07 -0.000436595  799724 1.11499e-05 0   -0.000345543 1.39374e-11 0
378000 3.70002e+07 -0.00043625  799724 1.12882e-05 0   -0.000345433 1.41102e-11 0
379000 3.70003e+07 -0.000435973  799724 1.14328e-05 0   -0.000345362 1.4291e-11 0
380000 3.70003e+07 -0.000435768  799724 1.15948e-05 0   -0.000345331 1.44935e-11 0
381000 3.70003e+07 -0.000435638  799724 1.17834e-05 0   -0.000345342 1.47293e-11 0
382000 3.70003e+07 -0.000435583  799724 1.20051e-05 0   -0.000345395 1.50064e-11 0
383000 3.70003e+07 -0.000435606  799724 1.22629e-05 0   -0.000345491 1.53286e-11 0
384000 3.70003e+07 -0.000435708  799723 1.25562e-05 0   -0.000345632 1.56952e-11 0
385000 3.70003e+07 -0.00043589  799723 1.2881e-05 0   -0.000345816 1.61013e-11 0
386000 3.70002e+07 -0.000436153  799723 1.32305e-05 0   -0.000346045 1.65382e-11 0
387000 3.70002e+07 -0.000436496  799723 1.35957e-05 0   -0.000346319 1.69946e-11 0
388000 3.70002e+07 -0.000436919  799723 1.39664e-05 0   -0.000346638 1.7458e-11 0
389000 3.70002e+07 -0.000437422  799722 1.43325e-05 0   -0.000347002 1.79156e-11 0
390000 3.70002e+07 -0.000438005  799722 1.46847e-05 0   -0.00034741 1.83559e-11 0
391000 3.70002e+07 -0.000438667  799722 1.50158e-05 0   -0.000347864 1.87698e-11 0
392000 3.70001e+07 -0.000439406  799721 1.5321e-05 0   -0.000348362 1.91512e-11 0
393000 3.70001e+07 -0.000440224  799721 1.55982e-05 0   -0.000348905 1.94977e-11 0
394000 3.70001e+07 -0.000441119  799720 1.58483e-05 0   -0.000349493 1.98103e-11 0
395000 3.7e+07 -0.00044209  799720 1.60746e-05 0   -0.000350125 2.00932e-11 0
396000 3.7e+07 -0.000443137  799719 1.62822e-05 0   -0.000350803 2.03527e-11 0
397000 3.69999e+07 -0.000444259  799719 1.64774e-05 0   -0.000351525 2.05968e-11 0
398000 3.69999e+07 -0.000445456  799718 1.66667e-05 0   -0.000352291 2.08334e-11 0
399000 3.69999e+07 -0.000446727  799718 1.68559e-05 0   -0.000353103 2.10699e-11 0
400000 3.69998e+07 -0.000448072  799717 1.70499e-05 0   -0.000353959 2.13123e-11 0
